1061 -0.974854 0.008545 -0.052979
1073 -0.974365 0.013916 -0.042969
1084 -0.977783 0.015381 -0.043457
1096 -0.970947 0.012695 -0.049316
1108 -0.971924 0.015381 -0.051514
1120 -0.973877 0.014893 -0.047119
1132 -0.976807 0.013184 -0.043945
1144 -0.969971 0.011963 -0.054688
1155 -0.977539 0.011719 -0.041260
1167 -0.972168 0.013672 -0.049072
1179 -0.972900 0.010742 -0.042480
1191 -0.970947 0.006104 -0.048584
1203 -0.975098 0.012451 -0.052979
1214 -0.975586 0.013184 -0.049561
1226 -0.978760 0.010010 -0.052734
1238 -0.976562 0.012451 -0.043701
1250 -0.977295 0.018066 -0.046875
1262 -0.974854 0.013672 -0.050537
1273 -0.976562 0.015625 -0.044678
1285 -0.976807 0.005859 -0.040771
1297 -0.973877 0.013916 -0.041016
1309 -0.974121 0.015137 -0.040771
1321 -0.970215 0.017578 -0.043457
1332 -0.979248 0.010010 -0.041260
1344 -0.976807 0.020264 -0.035156
1356 -0.975342 0.018311 -0.053223
1368 -0.977295 0.015625 -0.049072
1380 -0.975342 0.013184 -0.036133
1392 -0.971680 0.010742 -0.043701
1403 -0.978760 0.011963 -0.046143
1415 -0.974854 0.009277 -0.042725
1427 -0.967285 0.018311 -0.037842
1439 -0.972656 0.011963 -0.054688
1451 -0.971436 0.015625 -0.041016
1462 -0.968994 0.011475 -0.046143
1474 -0.975098 0.014404 -0.041260
1486 -0.976074 0.013672 -0.043213
1498 -0.972656 0.008789 -0.038574
1510 -0.981201 0.011230 -0.052002
1522 -0.971436 0.010010 -0.046143
1533 -0.976074 0.010986 -0.047119
1545 -0.976807 0.010010 -0.048828
1557 -0.976807 0.011719 -0.044189
1569 -0.974365 0.011475 -0.053955
1581 -0.978027 0.010254 -0.050781
1592 -0.974854 0.012451 -0.045410
1604 -0.972168 0.016357 -0.044678
1616 -0.979492 0.010498 -0.046875
1628 -0.979980 0.013184 -0.043945
1640 -0.978516 0.012695 -0.042725
1652 -0.980957 0.013672 -0.041748
1663 -0.973633 0.010010 -0.041504
1675 -0.977051 0.011719 -0.042725
1687 -0.979980 0.008057 -0.046143
1699 -0.980225 0.015869 -0.050537
1711 -0.974365 0.016846 -0.042480
1723 -0.972412 0.005127 -0.045166
1734 -0.976318 0.006348 -0.051758
1746 -0.972900 0.014404 -0.041748
1758 -0.976074 0.016113 -0.056396
1770 -0.974609 0.018311 -0.045898
1782 -0.973633 0.013672 -0.034668
1793 -0.975586 0.015137 -0.051270
1805 -0.968750 0.007568 -0.050293
1817 -0.978760 0.011230 -0.048340
1829 -0.980713 0.007568 -0.054199
1841 -0.972412 0.011963 -0.041260
1853 -0.972656 0.013916 -0.048340
1864 -0.974365 0.010986 -0.047119
1876 -0.971924 0.017578 -0.050537
1888 -0.973389 0.015137 -0.051514
1900 -0.973145 0.013428 -0.044434
1912 -0.971680 0.015869 -0.046143
1923 -0.970459 0.020020 -0.047607
1935 -0.975830 0.017334 -0.036621
1947 -0.974121 0.012207 -0.041260
1959 -0.974854 0.013916 -0.055908
1971 -0.981201 0.017334 -0.051025
1983 -0.974609 0.019043 -0.041504
1994 -0.978516 0.020020 -0.039551
2006 -0.968506 0.014404 -0.048340
2018 -0.972900 0.015625 -0.047363
2030 -0.972168 0.007080 -0.044434
2042 -0.974121 0.016113 -0.048340
2053 -0.967529 0.012451 -0.053955
2065 -0.971436 0.018555 -0.041748
2077 -0.973389 0.016113 -0.056885
2089 -0.976562 0.010254 -0.052734
2101 -0.979492 0.016357 -0.036621
2113 -0.973389 0.020020 -0.039062
2124 -0.980957 0.008545 -0.050049
2136 -0.978271 0.015869 -0.053711
2148 -0.973633 0.013184 -0.046143
2160 -0.978271 0.011475 -0.056885
2172 -0.973389 0.011230 -0.052734
2183 -0.972412 0.015137 -0.058594
2195 -0.969238 0.013672 -0.053955
2207 -0.972412 0.011963 -0.043945
2219 -0.978516 0.017822 -0.045410
2231 -0.977783 0.011963 -0.046875
2243 -0.966309 0.011475 -0.034912
2254 -0.978027 0.006836 -0.042236
2266 -0.977051 0.007812 -0.046875
2278 -0.979248 0.017334 -0.047852
2290 -0.979248 0.015869 -0.044189
2302 -0.975830 0.005615 -0.042725
2313 -0.977783 0.016357 -0.042480
2325 -0.975830 0.014893 -0.043701
2337 -0.977295 0.010498 -0.042969
2349 -0.972900 0.010742 -0.039551
2361 -0.974854 0.016113 -0.041504
2373 -0.971680 0.016113 -0.055176
2384 -0.971924 0.012939 -0.050293
2396 -0.976074 0.010498 -0.049072
2408 -0.969238 0.009521 -0.045654
2420 -0.972412 0.014648 -0.045410
2432 -0.969971 0.014893 -0.045410
2443 -0.978760 0.012451 -0.052734
2455 -0.976074 0.017334 -0.045410
2467 -0.981445 0.011963 -0.051514
2479 -0.975098 0.015381 -0.041260
2491 -0.978027 0.013184 -0.054199
2503 -0.967285 0.009521 -0.043213
2514 -0.973389 0.007568 -0.049072
2526 -0.979980 0.017578 -0.048584
2538 -0.976807 0.017090 -0.039307
2550 -0.973145 0.012207 -0.050293
2562 -0.973877 0.014648 -0.043701
2573 -0.972168 0.010010 -0.045166
2585 -0.975830 0.015137 -0.040771
2597 -0.977295 0.009033 -0.040771
2609 -0.977783 0.012207 -0.050537
2621 -0.976074 0.009521 -0.052979
2633 -0.973877 0.015381 -0.045654
2644 -0.970947 0.015869 -0.041260
2656 -0.976807 0.014160 -0.043945
2668 -0.972412 0.014648 -0.042725
2680 -0.975586 0.016357 -0.045410
2692 -0.978027 0.012695 -0.050293
2704 -0.978516 0.011963 -0.050781
2715 -0.976074 0.013672 -0.051758
2727 -0.978027 0.009766 -0.047607
2739 -0.977783 0.005371 -0.040039
2751 -0.974121 0.009521 -0.054443
2763 -0.978027 0.011719 -0.041260
2774 -0.973877 0.012939 -0.059814
2786 -0.974609 0.012939 -0.049072
2798 -0.970947 0.014404 -0.050537
2810 -0.969238 0.016357 -0.040527
2822 -0.971436 0.010254 -0.044189
2834 -0.977295 0.010986 -0.042480
2845 -0.974121 0.009521 -0.050781
2857 -0.976318 0.013916 -0.050537
2869 -0.969238 0.009033 -0.046387
2881 -0.979004 0.011963 -0.054688
2893 -0.975586 0.014648 -0.055420
2904 -0.975098 0.013916 -0.049316
2916 -0.969971 0.006836 -0.034668
2928 -0.976807 0.011230 -0.044678
2940 -0.975342 0.015869 -0.045898
2952 -0.973877 0.012695 -0.050049
2964 -0.974609 0.010254 -0.043701
2975 -0.972656 0.013184 -0.045654
2987 -0.979004 0.010010 -0.043457
2999 -0.973633 0.007568 -0.039062
3011 -0.976074 0.012695 -0.042480
3023 -0.977539 0.010986 -0.048584
3034 -0.981201 0.018799 -0.045898
3046 -0.972168 0.011230 -0.045166
3058 -0.969971 0.015625 -0.046143
3070 -0.970703 0.010742 -0.053711
3082 -0.975830 0.012695 -0.047363
3094 -0.971191 0.014404 -0.048828
3105 -0.975098 0.010254 -0.049561
3117 -0.974609 0.013428 -0.047607
3129 -0.978516 0.014404 -0.038086
3141 -0.978271 0.011230 -0.046143
3153 -0.973877 0.008057 -0.058105
3164 -0.980469 0.013428 -0.061279
3176 -0.977539 0.016846 -0.046875
3188 -0.970703 0.013916 -0.040527
3200 -0.973145 0.013672 -0.052490
3212 -0.970947 0.015137 -0.048340
3224 -0.972168 0.008057 -0.045410
3235 -0.970703 0.012207 -0.046875
3247 -0.977295 0.010742 -0.042480
3259 -0.967041 0.014404 -0.038818
3271 -0.974365 0.013184 -0.043701
3283 -0.970947 0.011230 -0.044189
3294 -0.975586 0.010742 -0.049072
3306 -0.975342 0.017334 -0.044678
3318 -0.970703 0.013672 -0.037842
3330 -0.975830 0.012939 -0.047607
3342 -0.972412 0.015869 -0.049072
3354 -0.978027 0.006104 -0.045898
3365 -0.972412 0.011963 -0.044922
3377 -0.975098 0.011719 -0.056885
3389 -0.969238 0.010010 -0.048096
3401 -0.971436 0.016357 -0.041260
3413 -0.974121 0.014404 -0.043213
3424 -0.968018 0.010254 -0.030762
3436 -0.974854 0.013672 -0.050537
3448 -0.974609 0.009033 -0.050781
3460 -0.972412 0.015137 -0.055908
3472 -0.975098 0.014404 -0.047607
3484 -0.976318 0.014893 -0.042236
3495 -0.972412 0.010498 -0.048584
3507 -0.973145 0.011230 -0.046631
3519 -0.971436 0.017822 -0.045166
3531 -0.973633 0.018799 -0.047363
3543 -0.977051 0.013184 -0.040527
3555 -0.969727 0.013672 -0.048828
3566 -0.968506 0.010986 -0.045654
3578 -0.973145 0.014893 -0.047852
3590 -0.976074 0.014404 -0.048584
3602 -0.976074 0.010010 -0.048340
3614 -0.966309 0.010498 -0.036377
3625 -0.979248 0.009033 -0.047607
3637 -0.983398 0.011230 -0.052246
3649 -0.972656 0.011963 -0.044678
3661 -0.977539 0.016357 -0.038086
3673 -0.977051 0.006836 -0.058838
3685 -0.983398 0.018066 -0.045410
3696 -0.963379 0.012695 -0.040527
3708 -0.974121 0.013428 -0.044434
3720 -0.974609 0.011475 -0.046143
3732 -0.977539 0.006104 -0.042725
3744 -0.974854 0.009766 -0.043213
3755 -0.974365 0.012695 -0.047119
3767 -0.969238 0.006836 -0.041504
3779 -0.980469 0.013916 -0.046387
3791 -0.976318 0.010498 -0.041504
3803 -0.972900 0.014893 -0.050537
3815 -0.976074 0.008545 -0.046143
3826 -0.976074 0.013916 -0.050049
3838 -0.977783 0.010986 -0.052490
3850 -0.976807 0.013184 -0.045898
3862 -0.975586 0.011475 -0.049805
3874 -0.979492 0.010986 -0.048096
3885 -0.978271 0.008789 -0.054443
3897 -0.974365 0.014404 -0.044678
3909 -0.980469 0.016113 -0.038574
3921 -0.977539 0.016113 -0.047363
3933 -0.971680 0.018066 -0.045898
3945 -0.968506 0.012207 -0.040527
3956 -0.972656 0.011230 -0.050537
3968 -0.971924 0.011719 -0.045654
3980 -0.976318 0.010254 -0.055664
3992 -0.974609 0.010742 -0.048340
4004 -0.972656 0.009766 -0.054199
4016 -0.970947 0.018066 -0.043457
4027 -0.978027 0.017090 -0.040283
4039 -0.975586 0.014648 -0.041992
4051 -0.971924 0.013428 -0.046875
4063 -0.967773 0.015381 -0.052246
4075 -0.972656 0.011963 -0.047363
4086 -0.973145 0.012695 -0.052979
4098 -0.976074 0.011230 -0.043945
4110 -0.973877 0.007080 -0.052490
4122 -0.973145 0.014893 -0.048340
4134 -0.974854 0.015869 -0.049561
4146 -0.971191 0.011963 -0.045410
4157 -0.980469 0.019287 -0.039551
4169 -0.974609 0.015381 -0.052490
4181 -0.977295 0.019043 -0.050049
4193 -0.977539 0.009766 -0.043701
4205 -0.975342 0.005859 -0.051270
4216 -0.972900 0.016113 -0.046387
4228 -0.971680 0.011475 -0.045898
4240 -0.974609 0.012451 -0.049805
4252 -0.975342 0.016357 -0.039795
4264 -0.981689 0.011230 -0.045898
4276 -0.971680 0.014893 -0.047852
4287 -0.983643 0.009277 -0.048096
4299 -0.970947 0.009766 -0.045898
4311 -0.972168 0.013428 -0.041748
4323 -0.971680 0.015381 -0.053955
4335 -0.973877 0.012939 -0.046631
4346 -0.978027 0.013184 -0.045410
4358 -0.974854 0.013184 -0.051270
4370 -0.979004 0.012207 -0.044434
4382 -0.980713 0.012939 -0.042725
4394 -0.969238 0.011230 -0.050049
4406 -0.975830 0.011475 -0.041504
4417 -0.979248 0.007812 -0.045166
4429 -0.978271 0.010498 -0.047852
4441 -0.970947 0.011475 -0.038818
4453 -0.978027 0.017334 -0.047119
4465 -0.972656 0.005615 -0.047119
4476 -0.975586 0.016602 -0.046631
4488 -0.971924 0.008789 -0.054199
4500 -0.976562 0.011719 -0.043213
4512 -0.982178 0.012451 -0.051758
4524 -0.977295 0.014893 -0.052734
4536 -0.974121 0.009521 -0.039795
4547 -0.975586 0.006592 -0.043457
4559 -0.972900 0.016357 -0.054932
4571 -0.973633 0.016357 -0.041016
4583 -0.975342 0.015381 -0.045166
4595 -0.974609 0.012207 -0.043701
4606 -0.974609 0.007080 -0.043701
4618 -0.973633 0.012695 -0.038086
4630 -0.978027 0.015137 -0.042480
4642 -0.974365 0.011963 -0.047607
4654 -0.974121 0.018799 -0.048340
4666 -0.972168 0.010742 -0.048828
4677 -0.975342 0.013184 -0.048584
4689 -0.971924 0.011475 -0.056396
4701 -0.974121 0.010254 -0.041992
4713 -0.971191 0.011963 -0.043213
4725 -0.972900 0.015137 -0.045898
4737 -0.974854 0.012695 -0.058594
4748 -0.968506 0.012695 -0.037354
4760 -0.977295 0.009521 -0.034912
4772 -0.973877 0.010010 -0.049072
4784 -0.975586 0.013184 -0.043701
4796 -0.978760 0.013184 -0.049805
4807 -0.975098 0.014893 -0.045166
4819 -0.980713 0.015381 -0.050293
4831 -0.977295 0.014893 -0.041260
4843 -0.970459 0.018311 -0.047119
4855 -0.968994 0.008301 -0.045898
4867 -0.977295 0.011719 -0.057129
4878 -0.968750 0.020508 -0.050293
4890 -0.973633 0.009521 -0.049072
4902 -0.974854 0.010010 -0.040771
4914 -0.970703 0.009277 -0.051025
4926 -0.971191 0.010010 -0.040527
4937 -0.975830 0.014648 -0.044922
4949 -0.971924 0.010254 -0.051025
4961 -0.975586 0.011230 -0.046143
4973 -0.976074 0.014160 -0.046631
4985 -0.978516 0.015137 -0.043457
4997 -0.972412 0.012207 -0.036133
5008 -0.972900 0.010742 -0.044434
5020 -0.971680 0.014160 -0.038330
5032 -0.967041 0.008789 -0.046387
5044 -0.975830 0.011963 -0.047119
5056 -0.970947 0.008057 -0.037842
5068 -0.974854 0.008301 -0.050293
5079 -0.972656 0.019043 -0.033691
5091 -0.969482 0.005371 -0.043457
5103 -0.974609 0.015625 -0.041504
5115 -0.975342 0.020264 -0.052490
5127 -0.974854 0.009033 -0.042725
5138 -0.976807 0.012939 -0.045166
5150 -0.971191 0.015137 -0.040771
5162 -0.979004 0.014404 -0.036133
5174 -0.973389 0.012451 -0.049316
5186 -0.976074 0.012451 -0.058594
5198 -0.973633 0.014404 -0.041504
5209 -0.978516 0.017090 -0.043457
5221 -0.972656 0.016113 -0.048340
5233 -0.980957 0.008301 -0.049072
5245 -0.975830 0.014648 -0.050537
5257 -0.976074 0.011719 -0.044678
5268 -0.974121 0.009277 -0.051514
5280 -0.978271 0.007568 -0.048584
5292 -0.977295 0.013428 -0.042236
5304 -0.973633 0.011230 -0.047363
5316 -0.973145 0.016357 -0.051758
5328 -0.973145 0.012451 -0.046143
5339 -0.972168 0.012695 -0.046387
5351 -0.972900 0.015381 -0.045410
5363 -0.970459 0.013672 -0.051025
5375 -0.974609 0.007568 -0.050537
5387 -0.978271 0.012939 -0.045898
5398 -0.975342 0.018066 -0.047852
5410 -0.967773 0.011475 -0.048340
5422 -0.978516 0.009521 -0.048828
5434 -0.976074 0.011230 -0.049805
5446 -0.970215 0.013184 -0.037598
5458 -0.973145 0.012451 -0.053711
5469 -0.971680 0.010986 -0.050781
5481 -0.969971 0.011475 -0.052734
5493 -0.971924 0.016113 -0.044434
5505 -0.974365 0.009033 -0.049316
5517 -0.972412 0.007812 -0.045410
5528 -0.975098 0.010254 -0.044922
5540 -0.975098 0.007324 -0.049072
5552 -0.975342 0.011963 -0.056641
5564 -0.975342 0.014893 -0.053467
5576 -0.973633 0.009033 -0.040771
5588 -0.980225 0.010498 -0.048340
5599 -0.974854 0.009033 -0.040039
5611 -0.974121 0.007568 -0.056396
5623 -0.972656 0.012695 -0.051270
5635 -0.976318 0.017822 -0.044922
5647 -0.972412 0.012695 -0.059082
5658 -0.971924 0.014404 -0.046631
5670 -0.971436 0.010742 -0.054443
5682 -0.981934 0.013672 -0.041748
5694 -0.978027 0.010010 -0.044434
5706 -0.983154 0.014160 -0.058350
5718 -0.975586 0.015137 -0.044434
5729 -0.983154 0.010498 -0.051514
5741 -0.975342 0.016357 -0.044189
5753 -0.969482 0.010254 -0.036133
5765 -0.970947 0.012451 -0.049316
5777 -0.970215 0.011963 -0.045166
5788 -0.975586 0.010742 -0.048340
5800 -0.970703 0.008545 -0.052734
5812 -0.970215 0.009033 -0.054443
5824 -0.976074 0.015381 -0.040283
5836 -0.973633 0.013428 -0.047607
5848 -0.979980 0.006104 -0.040039
5859 -0.972656 0.009521 -0.041016
5871 -0.974365 0.017334 -0.049316
5883 -0.973633 0.014648 -0.053711
5895 -0.973877 0.012451 -0.044922
5907 -0.974121 0.006104 -0.057129
5919 -0.973145 0.010498 -0.054199
5930 -0.973145 0.013428 -0.046631
5942 -0.977051 0.009521 -0.051025
5954 -0.970703 0.013428 -0.050049
5966 -0.975830 0.018066 -0.045166
5978 -0.977051 0.011719 -0.050049
5989 -0.973145 0.010742 -0.049805
6001 -0.970459 0.013916 -0.053711
6013 -0.975830 0.012695 -0.052002
6025 -0.979248 0.009521 -0.048584
6037 -0.972412 0.002686 -0.043945
6049 -0.970215 0.008545 -0.048096
6060 -0.976562 0.020508 -0.044434
6072 -0.979248 0.016113 -0.052246
6084 -0.980957 0.011719 -0.048096
6096 -0.975830 0.021729 -0.056396
6108 -0.973145 0.014893 -0.050049
6119 -0.973145 0.012451 -0.041504
6131 -0.972168 0.009277 -0.052490
6143 -0.970703 0.013184 -0.052490
6155 -0.972900 0.005615 -0.052490
6167 -0.975098 0.016602 -0.042236
6179 -0.981934 0.015869 -0.045654
6190 -0.975098 0.008057 -0.040771
6202 -0.974121 0.011475 -0.037842
6214 -0.972412 0.015381 -0.051025
6226 -0.977295 0.015381 -0.051270
6238 -0.972168 0.010254 -0.052002
6249 -0.973877 0.010498 -0.044434
6261 -0.978760 0.014648 -0.044922
6273 -0.970459 0.007568 -0.044434
6285 -0.972168 0.005859 -0.041016
6297 -0.978271 0.011719 -0.054199
6309 -0.975342 0.012939 -0.045898
6320 -0.974365 0.007324 -0.052490
6332 -0.978271 0.011963 -0.045654
6344 -0.974609 0.010254 -0.044922
6356 -0.969971 0.014160 -0.045166
6368 -0.979248 0.011963 -0.044434
6380 -0.972656 0.009033 -0.050537
6391 -0.979736 0.012207 -0.052734
6403 -0.974121 0.015381 -0.036621
6415 -0.976807 0.011963 -0.048096
6427 -0.974121 0.008057 -0.047607
6439 -0.974121 0.014404 -0.041260
6450 -0.976807 0.013184 -0.043457
6462 -0.976807 0.008789 -0.036621
6474 -0.973145 0.012451 -0.049805
6486 -0.978027 0.017334 -0.046631
6498 -0.972168 0.011475 -0.043701
6510 -0.971191 0.012695 -0.047119
6521 -0.969238 0.004883 -0.053955
6533 -0.984375 0.010498 -0.049072
6545 -0.970703 0.010498 -0.044922
6557 -0.972168 0.015869 -0.056885
6569 -0.976562 0.011963 -0.048096
6580 -0.969971 0.012695 -0.045654
6592 -0.971680 0.016357 -0.046631
6604 -0.964355 0.008301 -0.054199
6616 -0.975586 0.011719 -0.036133
6628 -0.977539 0.012451 -0.042969
6640 -0.971436 0.010254 -0.043945
6651 -0.976318 0.007324 -0.047119
6663 -0.974854 0.011719 -0.045166
6675 -0.972168 0.014160 -0.049316
6687 -0.973877 0.011963 -0.044922
6699 -0.967285 0.011719 -0.045654
6710 -0.970215 0.012207 -0.052734
6722 -0.971680 0.006104 -0.037842
6734 -0.973633 0.009766 -0.045166
6746 -0.971436 0.006348 -0.047119
6758 -0.974365 0.011719 -0.046143
6770 -0.971191 0.010986 -0.044678
6781 -0.969971 0.010498 -0.048584
6793 -0.973633 0.005615 -0.046875
6805 -0.974365 0.011719 -0.044922
6817 -0.972412 0.008789 -0.054443
6829 -0.966553 0.019043 -0.040283
6840 -0.976318 0.009766 -0.048340
6852 -0.974854 0.019287 -0.048096
6864 -0.977295 0.015137 -0.042480
6876 -0.974609 0.006348 -0.046631
6888 -0.978760 0.008789 -0.049072
6900 -0.973389 0.008057 -0.041748
6911 -0.970703 0.011475 -0.055908
6923 -0.974365 0.013184 -0.037109
6935 -0.972656 0.013184 -0.053467
6947 -0.981201 0.009766 -0.034668
6959 -0.972900 0.013428 -0.040771
6971 -0.973389 0.013184 -0.052246
6982 -0.976807 0.012695 -0.051270
6994 -0.972168 0.014893 -0.040771
7006 -0.970459 0.014160 -0.045166
7018 -0.978516 0.010498 -0.043701
7030 -0.978027 0.018066 -0.051758
7041 -0.972168 0.013184 -0.053711
7053 -0.975830 0.014404 -0.050537
7065 -0.979492 0.010742 -0.048828
7077 -0.975098 0.013672 -0.047607
7089 -0.967773 0.011230 -0.049805
7101 -0.977539 0.009521 -0.037354
7112 -0.974609 0.015381 -0.035400
7124 -0.977295 0.014160 -0.051514
7136 -0.979980 0.009033 -0.042236
7148 -0.968506 0.013428 -0.046387
7160 -0.977051 0.006348 -0.046875
7171 -0.973145 0.008057 -0.048096
7183 -0.975098 0.006836 -0.048584
7195 -0.967529 0.009277 -0.051758
7207 -0.974121 0.013672 -0.046875
7219 -0.972168 0.009521 -0.050293
7231 -0.971191 0.006348 -0.055176
7242 -0.973145 0.011475 -0.057861
7254 -0.974609 0.010986 -0.039062
7266 -0.969971 0.013916 -0.043945
7278 -0.974365 0.014404 -0.043701
7290 -0.979248 0.016602 -0.042236
7301 -0.969238 0.014160 -0.051270
7313 -0.977783 0.018799 -0.043701
7325 -0.978271 0.013672 -0.043945
7337 -0.972412 0.011963 -0.042480
7349 -0.971924 0.013916 -0.047852
7361 -0.967773 0.015869 -0.048584
7372 -0.978516 0.010010 -0.039795
7384 -0.977295 0.013428 -0.040771
7396 -0.970215 0.015381 -0.048340
7408 -0.972412 0.005615 -0.043701
7420 -0.973389 0.010498 -0.059814
7431 -0.977295 0.008545 -0.051025
7443 -0.975098 0.016602 -0.038330
7455 -0.979004 0.005127 -0.038574
7467 -0.976562 0.017578 -0.051514
7479 -0.979492 0.014160 -0.041016
7491 -0.983398 0.015869 -0.041504
7502 -0.978027 0.012939 -0.041992
7514 -0.976074 0.016113 -0.052734
7526 -0.967285 0.012695 -0.044189
7538 -0.977539 0.016357 -0.043945
7550 -0.980957 0.008057 -0.045654
7561 -0.973633 0.011719 -0.048096
7573 -0.972900 0.016357 -0.045898
7585 -0.972412 0.013916 -0.047363
7597 -0.970947 0.012695 -0.051514
7609 -0.978027 0.009033 -0.041016
7621 -0.972412 0.018555 -0.046387
7632 -0.975098 0.013428 -0.041016
7644 -0.970215 0.013428 -0.042969
7656 -0.973145 0.011475 -0.050781
7668 -0.976807 0.011230 -0.045410
7680 -0.973145 0.012451 -0.046143
7691 -0.972656 0.010742 -0.049316
7703 -0.974365 0.013428 -0.053223
7715 -0.977295 0.018555 -0.035645
7727 -0.970947 0.012207 -0.045654
7739 -0.978760 0.010010 -0.041016
7751 -0.971436 0.010010 -0.046875
7762 -0.978516 0.009277 -0.043213
7774 -0.980225 0.014893 -0.047363
7786 -0.973633 0.013184 -0.045166
7798 -0.977051 0.006592 -0.044678
7810 -0.976562 0.011475 -0.046387
7821 -0.976074 0.012939 -0.051758
7833 -0.976562 0.014648 -0.047607
7845 -0.974121 0.008301 -0.043701
7857 -0.971924 0.010010 -0.049072
7869 -0.971680 0.007568 -0.046143
7881 -0.970215 0.016357 -0.057129
7892 -0.978271 0.013184 -0.052002
7904 -0.977783 0.011475 -0.049072
7916 -0.966797 0.016113 -0.056152
7928 -0.969238 0.011963 -0.049316
7940 -0.974365 0.011475 -0.041748
7951 -0.970459 0.012207 -0.050049
7963 -0.979736 0.015137 -0.047852
7975 -0.976562 0.009766 -0.045898
7987 -0.976562 0.015869 -0.054199
7999 -0.978760 0.012451 -0.050781
8011 -0.970947 0.016846 -0.040283
8022 -0.973145 0.008301 -0.047607
8034 -0.976562 0.013428 -0.048584
8046 -0.966553 0.010010 -0.051025
8058 -0.972412 0.008057 -0.049316
8070 -0.971436 0.010986 -0.043945
8081 -0.968994 0.014404 -0.045166
8093 -0.974365 0.015137 -0.046143
8105 -0.972168 0.009521 -0.045166
8117 -0.972656 0.010986 -0.043213
8129 -0.975586 0.008301 -0.051758
8141 -0.972656 0.012451 -0.043701
8152 -0.969482 0.014648 -0.049072
8164 -0.970459 0.009766 -0.044922
8176 -0.976562 0.015381 -0.050537
8188 -0.973633 0.014160 -0.045410
8200 -0.973389 0.014648 -0.046875
8211 -0.974854 0.013184 -0.044922
8223 -0.977295 0.013672 -0.043213
8235 -0.978027 0.013184 -0.044678
8247 -0.974609 0.012207 -0.041260
8259 -0.973145 0.016357 -0.051514
8271 -0.968018 0.010742 -0.047363
8282 -0.975342 0.013916 -0.051758
8294 -0.978516 0.015137 -0.036377
8306 -0.974854 0.019287 -0.042480
8318 -0.969727 0.008545 -0.051514
8330 -0.981201 0.011963 -0.048828
8341 -0.965820 0.008789 -0.039062
8353 -0.973877 0.014648 -0.050781
8365 -0.972656 0.010254 -0.048096
8377 -0.977051 0.012207 -0.045898
8389 -0.971924 0.013428 -0.048340
8401 -0.973633 0.019775 -0.050293
8412 -0.980225 0.011230 -0.050293
8424 -0.975098 0.012695 -0.042236
8436 -0.972900 0.013428 -0.050781
8448 -0.972656 0.005371 -0.048340
8460 -0.976074 0.008545 -0.054199
8471 -0.973145 0.011963 -0.047363
8483 -0.975098 0.013184 -0.053223
8495 -0.975098 0.013428 -0.057617
8507 -0.973389 0.015869 -0.045410
8519 -0.977539 0.019043 -0.047363
8531 -0.971191 0.014648 -0.046387
8542 -0.975586 0.012451 -0.047607
8554 -0.972900 0.012451 -0.033936
8566 -0.963379 0.012939 -0.037109
8578 -0.968506 0.012207 -0.041260
8590 -0.972900 0.012451 -0.037842
8601 -0.978027 0.007080 -0.044678
8613 -0.972900 0.013184 -0.058105
8625 -0.976074 0.004395 -0.050049
8637 -0.975830 0.010010 -0.042969
8649 -0.979736 0.017090 -0.052490
8661 -0.969482 0.011230 -0.041992
8672 -0.970215 0.007812 -0.047607
8684 -0.969971 0.015625 -0.040771
8696 -0.979492 0.017090 -0.041504
8708 -0.975586 0.010742 -0.040039
8720 -0.979248 0.012695 -0.060059
8731 -0.967285 0.011475 -0.055664
8743 -0.977051 0.011719 -0.052734
8755 -0.972412 0.013672 -0.050049
8767 -0.980469 0.013428 -0.042725
8779 -0.972656 0.011719 -0.043213
8791 -0.973877 0.009033 -0.052490
8802 -0.969727 0.004639 -0.051514
8814 -0.973633 0.015381 -0.038818
8826 -0.971191 0.011230 -0.049316
8838 -0.970947 0.011963 -0.046387
8850 -0.970703 0.012451 -0.041504
8861 -0.976807 0.011963 -0.047119
8873 -0.973389 0.013428 -0.038818
8885 -0.972656 0.004639 -0.048828
8897 -0.973145 0.010498 -0.050781
8909 -0.971436 0.011475 -0.040039
8921 -0.972900 0.005615 -0.044922
8932 -0.976318 0.013184 -0.045410
8944 -0.976074 0.013428 -0.044678
8956 -0.971924 0.013428 -0.045898
8968 -0.974609 0.010254 -0.051025
8980 -0.975342 0.006348 -0.054443
8992 -0.978516 0.021240 -0.053467
9003 -0.970947 0.010498 -0.044922
9015 -0.968994 0.011475 -0.044922
9027 -0.976318 0.007080 -0.052002
9039 -0.970947 0.013672 -0.049805
9051 -0.975586 0.011230 -0.041016
9062 -0.975830 0.016846 -0.044434
9074 -0.975342 0.011230 -0.051514
9086 -0.979736 0.012207 -0.045410
9098 -0.976562 0.013184 -0.054443
9110 -0.980713 0.016846 -0.062012
9122 -0.965820 0.011475 -0.046875
9133 -0.974854 0.009277 -0.041992
9145 -0.977295 0.006348 -0.042969
9157 -0.978516 0.010742 -0.044922
9169 -0.975586 0.012207 -0.051514
9181 -0.974854 0.013916 -0.049561
9192 -0.967041 0.008057 -0.052734
9204 -0.974121 0.013184 -0.050049
9216 -0.975098 0.013916 -0.045654
9228 -0.977783 0.011475 -0.043213
9240 -0.977295 0.015625 -0.045654
9252 -0.980957 0.015869 -0.051758
9263 -0.976074 0.010254 -0.049072
9275 -0.968750 0.015137 -0.052246
9287 -0.975098 0.018066 -0.055664
9299 -0.975586 0.011230 -0.052246
9311 -0.968018 0.012939 -0.056396
9322 -0.967773 0.017334 -0.040283
9334 -0.975098 0.015137 -0.044434
9346 -0.978027 0.012207 -0.049316
9358 -0.969727 0.012695 -0.044434
9370 -0.974365 0.010010 -0.041504
9382 -0.978027 0.015625 -0.037842
9393 -0.975342 0.011230 -0.038330
9405 -0.978760 0.012207 -0.041992
9417 -0.978027 0.010498 -0.047607
9429 -0.971680 0.012939 -0.046631
9441 -0.969971 0.018066 -0.043701
9452 -0.975098 0.013428 -0.046387
9464 -0.968506 0.006836 -0.049316
9476 -0.976074 0.012207 -0.048096
9488 -0.972656 0.007812 -0.057129
9500 -0.976074 0.011230 -0.044434
9512 -0.976562 0.008057 -0.048828
9523 -0.974854 0.005615 -0.044922
9535 -0.974609 0.010986 -0.044434
9547 -0.973877 0.013672 -0.043945
9559 -0.976318 0.019531 -0.047852
9571 -0.973633 0.012207 -0.041748
9582 -0.972900 0.013916 -0.045898
9594 -0.976807 0.007080 -0.039307
9606 -0.978760 0.014160 -0.048096
9618 -0.975098 0.012695 -0.050537
9630 -0.975342 0.012207 -0.043213
9642 -0.972656 0.008545 -0.050781
9653 -0.979004 0.010742 -0.046143
9665 -0.979248 0.010010 -0.047119
9677 -0.974609 0.011230 -0.052490
9689 -0.976562 0.017334 -0.041504
9701 -0.980469 0.011230 -0.045410
9712 -0.973389 0.015137 -0.036865
9724 -0.967041 0.008789 -0.040771
9736 -0.977539 0.010254 -0.041016
9748 -0.973145 0.013672 -0.038086
9760 -0.975830 0.016113 -0.050781
9772 -0.970703 0.013916 -0.055176
9783 -0.975586 0.011719 -0.041992
9795 -0.977051 0.010254 -0.047119
9807 -0.974609 0.017822 -0.049316
9819 -0.973145 0.014648 -0.049072
9831 -0.970215 0.011963 -0.051758
9842 -0.976074 0.007568 -0.050049
9854 -0.976318 0.014160 -0.048828
9866 -0.978271 0.016357 -0.049561
9878 -0.977051 0.005859 -0.042969
9890 -0.970459 0.012451 -0.041016
9902 -0.979248 0.013916 -0.042725
9913 -0.980225 0.009521 -0.039795
9925 -0.975830 0.012695 -0.047607
9937 -0.976807 0.010010 -0.039551
9949 -0.971191 0.014404 -0.042969
9961 -0.971680 0.013672 -0.054932
9972 -0.974365 0.010254 -0.045654
9984 -0.979736 0.013184 -0.042725
9996 -0.977539 0.009521 -0.040039
10008 -0.971680 0.009277 -0.048096
10020 -0.974365 0.019043 -0.043701
10032 -0.974854 0.011719 -0.037842
10043 -0.974121 0.008789 -0.049805
10055 -0.974609 0.008545 -0.052979
10067 -0.978760 0.014648 -0.047363
10079 -0.978271 0.004150 -0.047363
10091 -0.973389 0.014893 -0.053223
10102 -0.970947 0.007812 -0.049072
10114 -0.977539 0.008301 -0.046143
10126 -0.971680 0.015869 -0.038574
10138 -0.970703 0.015137 -0.041504
10150 -0.978271 0.009033 -0.042725
10162 -0.976562 0.014160 -0.046387
10173 -0.970703 0.014893 -0.044434
10185 -0.974365 0.013916 -0.045410
10197 -0.979492 0.019043 -0.050537
10209 -0.969727 0.017578 -0.045898
10221 -0.974365 0.013184 -0.041260
10232 -0.978760 0.013672 -0.053223
10244 -0.975586 0.016846 -0.046143
10256 -0.977295 0.014648 -0.041260
10268 -0.973145 0.009521 -0.054688
10280 -0.976074 0.005615 -0.052979
10292 -0.976074 0.012695 -0.049316
10303 -0.979980 0.013916 -0.047119
10315 -0.979980 0.013184 -0.054443
10327 -0.978760 0.012695 -0.044678
10339 -0.975830 0.015869 -0.049561
10351 -0.968750 0.007324 -0.037109
10362 -0.973389 0.009277 -0.051758
10374 -0.970947 0.013428 -0.041016
10386 -0.976807 0.011963 -0.051025
10398 -0.970459 0.009521 -0.046875
10410 -0.972656 0.008057 -0.047852
10422 -0.980225 0.009033 -0.035400
10433 -0.972412 0.008545 -0.036133
10445 -0.968018 0.017090 -0.049561
10457 -0.976318 0.019531 -0.050293
10469 -0.972656 0.010986 -0.054199
10481 -0.971680 0.010986 -0.041992
10492 -0.972412 0.013428 -0.047607
10504 -0.972900 0.010254 -0.048584
10516 -0.978516 0.010742 -0.040283
10528 -0.978027 0.010498 -0.045410
10540 -0.971436 0.005859 -0.054688
10552 -0.974121 0.013428 -0.039307
10563 -0.974121 0.013672 -0.044434
10575 -0.975342 0.011230 -0.047119
10587 -0.976807 0.011963 -0.038330
10599 -0.967529 0.019775 -0.052734
10611 -0.972412 0.011230 -0.050293
10622 -0.971191 0.008789 -0.044922
10634 -0.979004 0.011963 -0.035156
10646 -0.975586 0.013672 -0.048340
10658 -0.972168 0.005859 -0.049805
10670 -0.975586 0.012695 -0.045898
10682 -0.974121 0.008789 -0.050049
10693 -0.975342 0.013184 -0.038818
10705 -0.975830 0.013916 -0.045654
10717 -0.976562 0.016357 -0.042725
10729 -0.982910 0.012451 -0.055420
10741 -0.972900 0.012207 -0.049316
10752 -0.970947 0.011230 -0.044434
10764 -0.967773 0.013916 -0.044434
10776 -0.968750 0.009033 -0.052979
10788 -0.965820 0.015625 -0.049072
10800 -0.971680 0.013428 -0.050537
10811 -0.979004 0.011719 -0.053955
10823 -0.976074 0.016113 -0.050293
10835 -0.976074 0.009766 -0.042725
10847 -0.974365 0.011475 -0.041748
10859 -0.969971 0.016113 -0.042725
10871 -0.977783 0.013916 -0.054688
10882 -0.974365 0.014404 -0.047852
10894 -0.969482 0.013428 -0.045166
10906 -0.970215 0.012207 -0.046631
10918 -0.970703 0.014893 -0.050049
10930 -0.975586 0.011230 -0.044678
10941 -0.973145 0.005615 -0.040771
10953 -0.963379 0.011963 -0.050049
10965 -0.967041 0.015381 -0.045654
10977 -0.978760 0.013672 -0.041260
10989 -0.972656 0.009521 -0.040527
11001 -0.971191 0.012939 -0.053955
11012 -0.973389 0.010254 -0.046387
11024 -0.977539 0.012207 -0.037354
11036 -0.980469 0.012451 -0.048828
11048 -0.974854 0.019287 -0.048584
11060 -0.977051 0.006348 -0.040527
11071 -0.968018 0.008545 -0.040771
11083 -0.968750 0.012695 -0.040771
11095 -0.976318 0.009521 -0.046631
11107 -0.968018 0.015869 -0.047607
11119 -0.966309 0.015381 -0.040039
11131 -0.970703 0.012939 -0.045654
11142 -0.972900 0.014404 -0.051758
11154 -0.975098 0.010742 -0.060547
11166 -0.967529 0.009277 -0.044189
11178 -0.977051 0.010742 -0.041992
11190 -0.978027 0.014404 -0.043945
11201 -0.975586 0.016113 -0.040039
11213 -0.972168 0.010742 -0.042236
11225 -0.971436 0.015625 -0.036865
11237 -0.973877 0.009766 -0.045410
11249 -0.971436 0.006348 -0.051025
11261 -0.976807 0.017578 -0.044922
11272 -0.969238 0.007812 -0.048096
11284 -0.978027 0.008545 -0.041260
11296 -0.969971 0.008057 -0.045410
11308 -0.976074 0.008301 -0.048584
11320 -0.973877 0.010498 -0.044434
11331 -0.972900 0.014160 -0.052734
11343 -0.976807 0.015869 -0.046631
11355 -0.977051 0.011475 -0.040527
11367 -0.975342 0.010010 -0.058594
11379 -0.977539 0.011719 -0.037354
11391 -0.971436 0.013916 -0.048340
11402 -0.977295 0.008057 -0.048096
11414 -0.976562 0.013672 -0.049805
11426 -0.967529 0.012207 -0.058594
11438 -0.973633 0.013672 -0.040039
11450 -0.975342 0.008545 -0.048340
11461 -0.974121 0.013184 -0.050781
11473 -0.974609 0.010742 -0.050293
11485 -0.976074 0.011963 -0.038818
11497 -0.977539 0.015625 -0.047119
11509 -0.977539 0.010986 -0.048340
11521 -0.973145 0.022461 -0.052490
11532 -0.977295 0.007568 -0.035645
11544 -0.975586 0.007080 -0.048828
11556 -0.976318 0.016113 -0.055908
11568 -0.975586 0.015625 -0.050293
11580 -0.972656 0.010742 -0.056396
11591 -0.964111 0.005371 -0.046631
11603 -0.967773 0.011963 -0.037598
11615 -0.978271 0.013184 -0.052490
11627 -0.974365 0.008057 -0.048096
11639 -0.974609 0.014648 -0.043701
11651 -0.969971 0.014160 -0.042236
11662 -0.971680 0.017578 -0.040771
11674 -0.975830 0.014404 -0.048828
11686 -0.970459 0.017578 -0.039551
11698 -0.979248 0.010742 -0.043457
11710 -0.978271 0.012207 -0.052246
11721 -0.964355 0.008301 -0.050293
11733 -0.975098 0.016113 -0.049316
11745 -0.971924 0.008057 -0.044434
11757 -0.972168 0.012451 -0.038818
11769 -0.975342 0.010742 -0.045166
11781 -0.971924 0.013672 -0.042236
11792 -0.971924 0.010010 -0.032227
11804 -0.970703 0.011719 -0.041992
11816 -0.965820 0.017578 -0.050049
11828 -0.972656 0.011719 -0.055664
11840 -0.975830 0.008789 -0.043457
11851 -0.975098 0.008789 -0.040527
11863 -0.977539 0.012939 -0.047119
11875 -0.977783 0.012451 -0.048584
11887 -0.983154 0.009521 -0.049561
11899 -0.969238 0.010498 -0.048340
11911 -0.971924 0.016602 -0.049561
11922 -0.974854 0.010010 -0.051270
11934 -0.980225 0.008789 -0.043945
11946 -0.968262 0.012451 -0.052246
11958 -0.975342 0.010254 -0.053711
11970 -0.967529 0.012207 -0.054199
11981 -0.974121 0.012207 -0.042236
11993 -0.965576 0.008545 -0.052734
12005 -0.977539 0.011719 -0.041016
12017 -0.976807 0.013916 -0.055664
12029 -0.969727 0.011719 -0.043457
12041 -0.974121 0.018311 -0.049805
12052 -0.981201 0.016602 -0.049072
12064 -0.974121 0.014648 -0.048340
12076 -0.967773 0.009521 -0.038330
12088 -0.972168 0.014893 -0.047607
12100 -0.974365 0.009766 -0.044189
12111 -0.975098 0.011963 -0.052002
12123 -0.977783 0.010986 -0.047119
12135 -0.969727 0.012695 -0.049316
12147 -0.976807 0.013428 -0.056885
12159 -0.972900 0.010742 -0.048096
12171 -0.973389 0.008301 -0.059082
12182 -0.981689 0.014893 -0.053711
12194 -0.978760 0.011230 -0.049072
12206 -0.978760 0.011963 -0.041016
12218 -0.975830 0.015869 -0.054443
12230 -0.973389 0.011963 -0.054932
12241 -0.971436 0.013184 -0.052734
12253 -0.976318 0.008545 -0.046143
12265 -0.972168 0.017090 -0.057129
12277 -0.974365 0.013672 -0.043945
12289 -0.966553 0.011475 -0.056152
12301 -0.975098 0.016113 -0.052002
12312 -0.976562 0.010498 -0.053711
12324 -0.972656 0.012939 -0.049316
12336 -0.976074 0.009277 -0.042236
12348 -0.965088 0.010010 -0.037598
12360 -0.978027 0.011230 -0.050781
12371 -0.972412 0.014160 -0.053955
12383 -0.968506 0.013184 -0.054932
12395 -0.978516 0.013916 -0.050537
12407 -0.975830 0.011475 -0.044434
12419 -0.978271 0.010986 -0.047852
12431 -0.975342 0.011230 -0.055176
12442 -0.974121 0.011475 -0.041016
12454 -0.979248 0.011963 -0.052246
12466 -0.972900 0.009033 -0.048828
12478 -0.977539 0.009277 -0.052979
12490 -0.974854 0.005615 -0.048828
12501 -0.974365 0.013428 -0.052734
12513 -0.972412 0.013184 -0.053223
12525 -0.979248 0.016602 -0.039307
12537 -0.977295 0.017578 -0.044922
12549 -0.976562 0.009766 -0.055908
12561 -0.972168 0.013916 -0.054199
12572 -0.975098 0.013184 -0.043945
12584 -0.965576 0.009521 -0.042480
12596 -0.973145 0.011719 -0.053467
12608 -0.973389 0.010498 -0.046631
12620 -0.972900 0.013672 -0.038574
12631 -0.976074 0.011963 -0.044434
12643 -0.969727 0.013916 -0.039795
12655 -0.976318 0.014160 -0.041260
12667 -0.983154 0.013184 -0.048096
12679 -0.973633 0.013184 -0.041260
12691 -0.974121 0.012939 -0.060059
12702 -0.975098 0.007812 -0.040283
12714 -0.979248 0.010010 -0.044678
12726 -0.972168 0.012939 -0.043457
12738 -0.969727 0.011963 -0.055420
12750 -0.974365 0.010010 -0.045410
12761 -0.977051 0.014404 -0.039307
12773 -0.974365 0.005615 -0.040771
12785 -0.976074 0.003906 -0.046875
12797 -0.967773 0.017090 -0.047607
12809 -0.976074 0.008545 -0.041016
12821 -0.972168 0.018066 -0.046387
12832 -0.975098 0.010254 -0.040283
12844 -0.979004 0.012939 -0.054688
12856 -0.970215 0.014893 -0.050049
12868 -0.976807 0.017578 -0.044678
12880 -0.979736 0.014160 -0.040039