1060 0.028809 0.025391 -1.055664
1072 0.030273 0.025391 -1.073242
1084 0.024414 0.028076 -1.069336
1095 0.023926 0.024658 -1.056641
1107 0.026123 0.023682 -1.075439
1119 0.031250 0.020264 -1.065186
1131 0.023438 0.021484 -1.063965
1143 0.029297 0.020508 -1.052002
1155 0.023926 0.025879 -1.052002
1166 0.029053 0.022949 -1.068848
1178 0.021973 0.029785 -1.055420
1190 0.023438 0.022705 -1.063965
1202 0.029297 0.024170 -1.061279
1214 0.028809 0.027344 -1.061768
1226 0.026855 0.021240 -1.060059
1238 0.031494 0.023682 -1.062500
1249 0.028809 0.023193 -1.069092
1261 0.028320 0.026367 -1.052490
1273 0.028564 0.028564 -1.068359
1285 0.026367 0.027344 -1.073242
1297 0.025146 0.024658 -1.068359
1309 0.030762 0.021973 -1.057861
1321 0.030518 0.022705 -1.062500
1332 0.027832 0.022217 -1.067871
1344 0.031738 0.028809 -1.063477
1356 0.025146 0.025391 -1.058350
1368 0.027344 0.025879 -1.068359
1380 0.031006 0.026611 -1.070068
1392 0.026855 0.025146 -1.068115
1404 0.027344 0.018799 -1.068604
1416 0.016602 0.029541 -1.054443
1427 0.020996 0.023193 -1.063965
1439 0.027100 0.028076 -1.066895
1451 0.024902 0.026123 -1.050049
1463 0.025391 0.028320 -1.056885
1475 0.029297 0.029541 -1.064697
1487 0.021973 0.026367 -1.062256
1499 0.026611 0.022705 -1.059570
1510 0.027588 0.025635 -1.062744
1522 0.024902 0.021973 -1.065186
1534 0.025879 0.022949 -1.055176
1546 0.027344 0.026855 -1.057617
1558 0.030273 0.024414 -1.062988
1570 0.027100 0.019287 -1.064941
1582 0.024658 0.024414 -1.056885
1593 0.028076 0.019775 -1.070557
1605 0.024414 0.020996 -1.060059
1617 0.020996 0.016846 -1.066895
1629 0.024170 0.023682 -1.070557
1641 0.025391 0.029297 -1.062988
1653 0.029053 0.018555 -1.061523
1665 0.026611 0.026611 -1.069092
1676 0.029053 0.027832 -1.059326
1688 0.028809 0.028320 -1.066895
1700 0.028320 0.023926 -1.063965
1712 0.022461 0.020020 -1.065430
1724 0.033203 0.022217 -1.064453
1736 0.030029 0.024414 -1.072998
1748 0.026855 0.019287 -1.062744
1760 0.030273 0.020752 -1.061768
1771 0.031982 0.026367 -1.055420
1783 0.031250 0.025146 -1.064697
1795 0.027832 0.026123 -1.059570
1807 0.027344 0.020020 -1.067383
1819 0.021729 0.021729 -1.062256
1831 0.029785 0.025635 -1.052002
1843 0.025879 0.022949 -1.063232
1854 0.027344 0.029053 -1.060059
1866 0.027588 0.025879 -1.067627
1878 0.025635 0.027100 -1.053223
1890 0.023926 0.025146 -1.057129
1902 0.023682 0.023438 -1.064697
1914 0.025879 0.027344 -1.069336
1926 0.032227 0.021240 -1.062256
1937 0.028564 0.022949 -1.064453
1949 0.021484 0.022461 -1.053223
1961 0.032959 0.029785 -1.069824
1973 0.029053 0.025879 -1.057373
1985 0.022705 0.031494 -1.063232
1997 0.035400 0.024414 -1.057861
2009 0.027588 0.022705 -1.067383
2020 0.029297 0.021729 -1.067871
2032 0.030273 0.022949 -1.060547
2044 0.022949 0.024414 -1.056885
2056 0.028564 0.023682 -1.058594
2068 0.028564 0.022705 -1.058105
2080 0.027588 0.031494 -1.060547
2092 0.028809 0.021240 -1.066650
2104 0.035400 0.023926 -1.057373
2115 0.030273 0.025635 -1.062256
2127 0.026855 0.025391 -1.059814
2139 0.027344 0.023926 -1.061035
2151 0.027100 0.026123 -1.069824
2163 0.026855 0.020752 -1.069092
2175 0.026855 0.021729 -1.065918
2187 0.025879 0.021973 -1.061768
2198 0.029297 0.021729 -1.058105
2210 0.028809 0.023682 -1.052246
2222 0.028564 0.016602 -1.056885
2234 0.025879 0.017578 -1.067627
2246 0.031738 0.019531 -1.065918
2258 0.025635 0.025635 -1.059082
2270 0.024414 0.023682 -1.063721
2281 0.026123 0.018311 -1.070801
2293 0.024902 0.027588 -1.056641
2305 0.030029 0.025146 -1.063965
2317 0.028564 0.024170 -1.064209
2329 0.025391 0.027100 -1.067383
2341 0.026855 0.024902 -1.061768
2353 0.032959 0.016846 -1.060547
2365 0.024902 0.022461 -1.063232
2376 0.039307 0.023682 -1.062744
2388 0.024170 0.024658 -1.061523
2400 0.024658 0.027588 -1.068604
2412 0.027100 0.021973 -1.063477
2424 0.026367 0.025635 -1.067627
2436 0.024414 0.024658 -1.061523
2448 0.025635 0.024902 -1.063721
2459 0.022949 0.024414 -1.058105
2471 0.020020 0.021973 -1.070068
2483 0.025391 0.019531 -1.075928
2495 0.022217 0.020996 -1.067383
2507 0.025635 0.027100 -1.068848
2519 0.024658 0.023682 -1.060547
2531 0.024902 0.022461 -1.059570
2542 0.029297 0.021484 -1.064941
2554 0.027100 0.024902 -1.060791
2566 0.028809 0.028076 -1.061768
2578 0.025879 0.021484 -1.058838
2590 0.033936 0.023193 -1.073486
2602 0.025635 0.020264 -1.057617
2614 0.024414 0.019531 -1.052490
2626 0.024658 0.026855 -1.061279
2637 0.024902 0.026123 -1.059570
2649 0.023438 0.025635 -1.064209
2661 0.028076 0.018311 -1.066895
2673 0.024414 0.018066 -1.061035
2685 0.028320 0.024658 -1.066650
2697 0.025635 0.024658 -1.069824
2709 0.027588 0.017822 -1.066895
2720 0.026611 0.026611 -1.053467
2732 0.027100 0.019531 -1.063721
2744 0.028809 0.025879 -1.068359
2756 0.027344 0.026855 -1.052490
2768 0.029053 0.015137 -1.060303
2780 0.030029 0.022461 -1.062744
2792 0.031494 0.022949 -1.070068
2803 0.035400 0.017822 -1.063232
2815 0.023438 0.023193 -1.070068
2827 0.019775 0.024658 -1.069092
2839 0.026855 0.018799 -1.060791
2851 0.029785 0.024658 -1.064209
2863 0.030029 0.029053 -1.077881
2875 0.025391 0.023193 -1.060303
2886 0.021240 0.025635 -1.060059
2898 0.028076 0.023682 -1.057861
2910 0.022461 0.021729 -1.063232
2922 0.027344 0.024170 -1.058838
2934 0.026367 0.028076 -1.064941
2946 0.031250 0.021240 -1.063721
2958 0.025146 0.024902 -1.060303
2969 0.032471 0.021973 -1.072021
2981 0.023193 0.021240 -1.068848
2993 0.023438 0.019043 -1.064697
3005 0.025391 0.028076 -1.059082
3017 0.028320 0.026123 -1.063721
3029 0.025391 0.023193 -1.066162
3041 0.030762 0.023438 -1.062500
3052 0.024902 0.026123 -1.061523
3064 0.027588 0.026611 -1.061768
3076 0.028320 0.025879 -1.062500
3088 0.031494 0.023438 -1.071533
3100 0.028809 0.020508 -1.069580
3112 0.028076 0.016602 -1.067627
3124 0.028076 0.020508 -1.064697
3135 0.026611 0.024414 -1.068359
3147 0.028564 0.023438 -1.049072
3159 0.027100 0.028320 -1.064453
3171 0.027588 0.024170 -1.064697
3183 0.025879 0.027344 -1.063721
3195 0.019531 0.022949 -1.067139
3207 0.027344 0.024170 -1.057861
3218 0.026367 0.022949 -1.065918
3230 0.032715 0.026611 -1.065430
3242 0.029297 0.027100 -1.066406
3254 0.027588 0.026123 -1.060791
3266 0.027344 0.029785 -1.061768
3278 0.026855 0.022217 -1.063477
3290 0.033691 0.025391 -1.054443
3301 0.025146 0.027588 -1.057861
3313 0.024902 0.023193 -1.060791
3325 0.033203 0.019287 -1.060059
3337 0.027344 0.022217 -1.071533
3349 0.024658 0.018311 -1.064453
3361 0.025391 0.019531 -1.060059
3373 0.024658 0.022217 -1.057861
3385 0.025635 0.027588 -1.061035
3396 0.025635 0.026123 -1.062500
3408 0.025391 0.023438 -1.067139
3420 0.030518 0.023682 -1.067627
3432 0.029785 0.021973 -1.064697
3444 0.026611 0.022705 -1.065674
3456 0.021729 0.025146 -1.070068
3468 0.028564 0.023193 -1.066162
3479 0.026123 0.026611 -1.072021
3491 0.025879 0.018799 -1.057617
3503 0.026611 0.021240 -1.063721
3515 0.035645 0.024414 -1.063232
3527 0.028076 0.028076 -1.066406
3539 0.022461 0.018555 -1.061768
3551 0.021729 0.026123 -1.068359
3562 0.023926 0.026123 -1.060303
3574 0.025879 0.026855 -1.056152
3586 0.032715 0.023193 -1.072998
3598 0.031494 0.020508 -1.065186
3610 0.018066 0.026367 -1.054443
3622 0.033203 0.021729 -1.056885
3634 0.030273 0.023926 -1.065918
3645 0.029053 0.028809 -1.060303
3657 0.027100 0.027588 -1.065674
3669 0.024902 0.025879 -1.065430
3681 0.026123 0.022705 -1.060547
3693 0.023682 0.022461 -1.060547
3705 0.026367 0.019043 -1.059326
3717 0.032227 0.031006 -1.067627
3729 0.018799 0.022217 -1.070068
3740 0.032471 0.024170 -1.059814
3752 0.029541 0.022949 -1.056885
3764 0.028320 0.026611 -1.071533
3776 0.023682 0.022461 -1.059570
3788 0.027344 0.024414 -1.062500
3800 0.031250 0.028076 -1.068359
3812 0.032227 0.020508 -1.070068
3823 0.020996 0.030273 -1.062256
3835 0.026367 0.019287 -1.064453
3847 0.032959 0.019287 -1.053223
3859 0.030762 0.027100 -1.064209
3871 0.022705 0.024658 -1.065918
3883 0.026123 0.023926 -1.066162
3895 0.027344 0.029785 -1.065918
3906 0.033203 0.026123 -1.071045
3918 0.028076 0.020020 -1.060059
3930 0.023438 0.025635 -1.053223
3942 0.025879 0.023438 -1.058594
3954 0.026855 0.031006 -1.060547
3966 0.029785 0.023193 -1.065918
3978 0.027832 0.022949 -1.053711
3989 0.018066 0.025146 -1.064453
4001 0.023926 0.030273 -1.066162
4013 0.025635 0.025879 -1.056396
4025 0.031250 0.022705 -1.070068
4037 0.026367 0.024170 -1.063965
4049 0.025391 0.023682 -1.060547
4061 0.025635 0.020508 -1.059570
4072 0.037109 0.024658 -1.057129
4084 0.027588 0.024658 -1.070312
4096 0.026123 0.017578 -1.052979
4108 0.026123 0.029785 -1.059570
4120 0.029297 0.024170 -1.064453
4132 0.023438 0.024902 -1.070557
4144 0.028809 0.027344 -1.068848
4155 0.024414 0.027344 -1.066650
4167 0.027588 0.025635 -1.062500
4179 0.026123 0.020996 -1.065430
4191 0.020020 0.022949 -1.071289
4203 0.026611 0.019531 -1.064209
4215 0.031006 0.024170 -1.063232
4227 0.027344 0.024902 -1.062012
4238 0.023926 0.024902 -1.059570
4250 0.024902 0.028564 -1.056152
4262 0.024902 0.027832 -1.057861
4274 0.028809 0.020752 -1.068848
4286 0.030273 0.021729 -1.059814
4298 0.025879 0.021240 -1.067139
4310 0.020996 0.025391 -1.065674
4322 0.022705 0.026611 -1.056152
4333 0.023926 0.025879 -1.073242
4345 0.017334 0.028809 -1.067627
4357 0.029541 0.020508 -1.061523
4369 0.029053 0.022217 -1.058838
4381 0.025879 0.026123 -1.067383
4393 0.036133 0.025879 -1.064453
4405 0.027344 0.027100 -1.060791
4416 0.025391 0.027344 -1.066406
4428 0.030273 0.025879 -1.057617
4440 0.024170 0.020264 -1.067139
4452 0.022705 0.024170 -1.059326
4464 0.026855 0.027832 -1.063232
4476 0.028564 0.022705 -1.063232
4488 0.028320 0.023438 -1.063232
4499 0.023926 0.020264 -1.060791
4511 0.023193 0.022461 -1.060547
4523 0.026123 0.024414 -1.062012
4535 0.022949 0.023193 -1.061768
4547 0.022949 0.019043 -1.072021
4559 0.020752 0.024170 -1.059570
4571 0.027588 0.020508 -1.060059
4582 0.025879 0.023438 -1.060303
4594 0.021484 0.024414 -1.063477
4606 0.025146 0.024414 -1.061279
4618 0.029297 0.019531 -1.064453
4630 0.032471 0.020020 -1.062012
4642 0.031250 0.022705 -1.063965
4654 0.029785 0.021973 -1.068604
4665 0.030518 0.021973 -1.066895
4677 0.028564 0.025146 -1.060303
4689 0.030029 0.024902 -1.064453
4701 0.022949 0.027344 -1.064453
4713 0.025635 0.026855 -1.066650
4725 0.024658 0.027832 -1.063965
4737 0.029053 0.018555 -1.070557
4749 0.029785 0.022949 -1.066650
4760 0.025146 0.028076 -1.058350
4772 0.027832 0.021729 -1.073486
4784 0.020996 0.019531 -1.052734
4796 0.027344 0.022217 -1.059082
4808 0.029053 0.022217 -1.065918
4820 0.027100 0.021729 -1.062256
4832 0.025635 0.025146 -1.066895
4843 0.033447 0.020996 -1.067871
4855 0.030029 0.021240 -1.062988
4867 0.020264 0.024170 -1.066650
4879 0.021973 0.021240 -1.061768
4891 0.021729 0.026611 -1.063477
4903 0.024658 0.022461 -1.061279
4915 0.033447 0.022949 -1.063232
4926 0.027832 0.020996 -1.071289
4938 0.019287 0.022461 -1.055176
4950 0.029053 0.025146 -1.060791
4962 0.023926 0.022217 -1.067627
4974 0.027588 0.024902 -1.062500
4986 0.032227 0.019775 -1.071777
4998 0.029785 0.023438 -1.064697
5009 0.027100 0.023682 -1.062500
5021 0.026611 0.024414 -1.051514
5033 0.026123 0.023438 -1.053955
5045 0.027344 0.027344 -1.062500
5057 0.028320 0.025635 -1.067139
5069 0.025391 0.021973 -1.073486
5081 0.018311 0.032471 -1.064209
5093 0.019043 0.022461 -1.071777
5104 0.025879 0.021240 -1.061035
5116 0.028076 0.028809 -1.063965
5128 0.020264 0.021729 -1.060059
5140 0.025391 0.022949 -1.061768
5152 0.026611 0.028564 -1.067871
5164 0.023193 0.022461 -1.062256
5176 0.030762 0.021973 -1.060791
5187 0.029053 0.020752 -1.068359
5199 0.022705 0.016846 -1.070801
5211 0.022461 0.020996 -1.066895
5223 0.018066 0.025635 -1.075439
5235 0.025391 0.024414 -1.066162
5247 0.029541 0.026611 -1.064209
5259 0.037354 0.024902 -1.071777
5270 0.025391 0.027832 -1.063965
5282 0.026611 0.023193 -1.063477
5294 0.023682 0.023438 -1.071533
5306 0.024902 0.019775 -1.062500
5318 0.024902 0.023438 -1.068848
5330 0.026367 0.028076 -1.063232
5342 0.029297 0.020996 -1.060547
5353 0.025635 0.019043 -1.065918
5365 0.023926 0.026611 -1.067383
5377 0.023682 0.030518 -1.056396
5389 0.032471 0.024902 -1.059570
5401 0.030029 0.024902 -1.059326
5413 0.020508 0.030029 -1.061768
5425 0.027588 0.027588 -1.061523
5436 0.031738 0.024170 -1.060791
5448 0.025635 0.019043 -1.064209
5460 0.034424 0.025879 -1.066162
5472 0.023682 0.021484 -1.074219
5484 0.032715 0.020264 -1.060059
5496 0.027832 0.025391 -1.072021
5508 0.024658 0.023193 -1.049561
5520 0.023926 0.030518 -1.069092
5531 0.030518 0.018555 -1.066406
5543 0.032471 0.020752 -1.066162
5555 0.021484 0.023926 -1.060547
5567 0.030518 0.023438 -1.061035
5579 0.025879 0.025635 -1.054932
5591 0.019775 0.026611 -1.073242
5603 0.026367 0.023438 -1.053223
5614 0.030029 0.030029 -1.059082
5626 0.029785 0.026855 -1.058350
5638 0.022705 0.028076 -1.068848
5650 0.023682 0.027832 -1.059570
5662 0.029297 0.023438 -1.064209
5674 0.024902 0.021240 -1.061035
5686 0.026367 0.022217 -1.052246
5697 0.023438 0.025146 -1.068604
5709 0.025146 0.025391 -1.060791
5721 0.028320 0.025391 -1.076660
5733 0.023193 0.019287 -1.064941
5745 0.026123 0.025635 -1.058838
5757 0.025635 0.022949 -1.062012
5769 0.023682 0.024170 -1.054199
5780 0.030762 0.021729 -1.069580
5792 0.023926 0.022461 -1.069580
5804 0.028564 0.016357 -1.068604
5816 0.032959 0.023193 -1.064453
5828 0.029053 0.027100 -1.066650
5840 0.023438 0.021729 -1.067139
5852 0.023682 0.021240 -1.064453
5863 0.023926 0.017822 -1.064209
5875 0.022217 0.017090 -1.056641
5887 0.024902 0.030762 -1.067871
5899 0.030273 0.024170 -1.062256
5911 0.030518 0.027588 -1.066162
5923 0.028564 0.026611 -1.059814
5935 0.017578 0.026367 -1.066895
5946 0.028076 0.025146 -1.072266
5958 0.030029 0.022949 -1.068359
5970 0.028809 0.026367 -1.069580
5982 0.024902 0.024170 -1.057861
5994 0.022949 0.026367 -1.069580
6006 0.029297 0.019531 -1.057373
6018 0.031006 0.021240 -1.059326
6030 0.026855 0.023926 -1.056152
6041 0.026123 0.027100 -1.050049
6053 0.025391 0.031250 -1.056396
6065 0.024902 0.021973 -1.067627
6077 0.030273 0.020508 -1.058350
6089 0.028320 0.028809 -1.068604
6101 0.020996 0.024902 -1.056885
6113 0.025635 0.023193 -1.063721
6124 0.023682 0.023193 -1.060059
6136 0.021484 0.016113 -1.059326
6148 0.029053 0.024414 -1.060547
6160 0.030518 0.021240 -1.066650
6172 0.020752 0.023193 -1.055908
6184 0.026611 0.018066 -1.065674
6196 0.024902 0.023438 -1.069824
6207 0.026123 0.024170 -1.069580
6219 0.020020 0.020264 -1.058838
6231 0.023682 0.024170 -1.056396
6243 0.022461 0.019775 -1.058350
6255 0.018799 0.023193 -1.062988
6267 0.024414 0.031982 -1.068359
6279 0.022705 0.024170 -1.066650
6290 0.037842 0.022217 -1.059814
6302 0.030029 0.022217 -1.069824
6314 0.019043 0.026123 -1.072510
6326 0.027344 0.025391 -1.054199
6338 0.033691 0.016357 -1.059570
6350 0.026855 0.023438 -1.065918
6362 0.026367 0.016846 -1.053955
6373 0.026123 0.022461 -1.068115
6385 0.026123 0.021729 -1.064697
6397 0.028076 0.025146 -1.064209
6409 0.028809 0.020752 -1.056152
6421 0.023682 0.026855 -1.062744
6433 0.032227 0.033203 -1.060303
6445 0.027832 0.025146 -1.057129
6457 0.035889 0.021729 -1.069336
6468 0.026123 0.025391 -1.053955
6480 0.022217 0.023438 -1.058838
6492 0.025879 0.018311 -1.061523
6504 0.025391 0.021973 -1.056152
6516 0.025146 0.028320 -1.069092
6528 0.020508 0.021484 -1.055908
6540 0.023926 0.022949 -1.062744
6551 0.030762 0.022949 -1.072021
6563 0.026855 0.024414 -1.067139
6575 0.027588 0.036377 -1.063477
6587 0.032715 0.026123 -1.061035
6599 0.016602 0.024170 -1.065430
6611 0.019287 0.025146 -1.058838
6623 0.022705 0.029785 -1.058838
6634 0.032227 0.023438 -1.065918
6646 0.023926 0.024170 -1.061279
6658 0.020752 0.029785 -1.066162
6670 0.028076 0.028564 -1.063721
6682 0.021729 0.024902 -1.067139
6694 0.028809 0.025391 -1.064697
6706 0.023438 0.024902 -1.071289
6717 0.025879 0.021729 -1.062988
6729 0.029053 0.022217 -1.064209
6741 0.033447 0.019531 -1.051758
6753 0.026855 0.020996 -1.061279
6765 0.028809 0.021973 -1.051758
6777 0.028320 0.024658 -1.065918
6789 0.030029 0.023438 -1.072510
6800 0.030273 0.023193 -1.065186
6812 0.027832 0.027588 -1.071533
6824 0.026855 0.024414 -1.064697
6836 0.021240 0.019775 -1.067139
6848 0.026611 0.028564 -1.064941
6860 0.022949 0.024902 -1.055664
6872 0.021484 0.026855 -1.065918
6883 0.023926 0.021729 -1.078613
6895 0.029053 0.023193 -1.074463
6907 0.030518 0.030518 -1.064941
6919 0.022705 0.026855 -1.064941
6931 0.028320 0.025879 -1.068604
6943 0.027588 0.025391 -1.060791
6955 0.025635 0.025391 -1.057617
6966 0.025391 0.024902 -1.065918
6978 0.023438 0.022217 -1.074951
6990 0.028564 0.026367 -1.058350
7002 0.024902 0.023682 -1.062744
7014 0.030029 0.020508 -1.062256
7026 0.030029 0.025635 -1.057129
7038 0.026367 0.022461 -1.065430
7050 0.025879 0.024414 -1.061279
7061 0.027588 0.027100 -1.067627
7073 0.027588 0.017822 -1.066650
7085 0.030029 0.026611 -1.067871
7097 0.023193 0.022949 -1.063721
7109 0.021484 0.023193 -1.053711
7121 0.023193 0.027344 -1.065430
7133 0.022949 0.027100 -1.076904
7144 0.031494 0.020752 -1.063477
7156 0.028076 0.023193 -1.067383
7168 0.023926 0.027588 -1.063965
7180 0.016602 0.025879 -1.064697
7192 0.022217 0.024170 -1.062012
7204 0.030762 0.021973 -1.068848
7216 0.028809 0.023682 -1.072510
7227 0.023438 0.022461 -1.061035
7239 0.024902 0.026855 -1.060547
7251 0.024658 0.028076 -1.072754
7263 0.029785 0.018799 -1.066406
7275 0.029541 0.019775 -1.053955
7287 0.023438 0.021240 -1.063965
7299 0.025391 0.021729 -1.065918
7310 0.025391 0.026123 -1.064453
7322 0.027344 0.023926 -1.068359
7334 0.029297 0.028076 -1.064209
7346 0.028564 0.019043 -1.062988
7358 0.026123 0.025879 -1.062500
7370 0.029785 0.021729 -1.074463
7382 0.023193 0.023438 -1.055664
7393 0.029541 0.023926 -1.065430
7405 0.026123 0.018799 -1.062988
7417 0.024658 0.035645 -1.061279
7429 0.027588 0.023193 -1.075684
7441 0.029297 0.026855 -1.073242
7453 0.025391 0.024170 -1.063721
7465 0.031250 0.019043 -1.060059
7476 0.027832 0.024658 -1.068115
7488 0.026611 0.023682 -1.059570
7500 0.023926 0.024414 -1.055176
7512 0.020264 0.027832 -1.064209
7524 0.029785 0.024170 -1.064453
7536 0.029297 0.030518 -1.070312
7548 0.025879 0.020996 -1.062256
7559 0.024414 0.030029 -1.065674
7571 0.027100 0.027344 -1.057617
7583 0.035889 0.030029 -1.062256
7595 0.027588 0.028564 -1.058350
7607 0.026611 0.018555 -1.062256
7619 0.022217 0.030029 -1.067139
7631 0.026855 0.020264 -1.066895
7643 0.032227 0.025635 -1.062744
7654 0.019531 0.024170 -1.059082
7666 0.030029 0.018555 -1.054443
7678 0.034424 0.024658 -1.056152
7690 0.026855 0.023193 -1.063721
7702 0.026855 0.023926 -1.072754
7714 0.027588 0.029297 -1.062500
7726 0.026611 0.024658 -1.070801
7737 0.026123 0.017334 -1.062744
7749 0.023438 0.022461 -1.061035
7761 0.026855 0.024902 -1.070557
7773 0.033936 0.028076 -1.065430
7785 0.033203 0.023682 -1.063477
7797 0.025635 0.020996 -1.065430
7809 0.020996 0.016846 -1.057861
7820 0.026123 0.023682 -1.061768
7832 0.031738 0.021729 -1.064941
7844 0.025879 0.017334 -1.060303
7856 0.023926 0.019287 -1.066406
7868 0.029053 0.020020 -1.063477
7880 0.032959 0.027344 -1.065918
7892 0.029297 0.031250 -1.066650
7903 0.027344 0.026123 -1.061523
7915 0.025879 0.023682 -1.063721
7927 0.027344 0.021484 -1.056885
7939 0.025635 0.020264 -1.060547
7951 0.029541 0.024658 -1.065674
7963 0.030518 0.024170 -1.068115
7975 0.028564 0.025879 -1.065918
7987 0.031250 0.022949 -1.061768
7998 0.026611 0.027588 -1.062256
8010 0.029297 0.020264 -1.064209
8022 0.027588 0.019775 -1.061768
8034 0.024902 0.019287 -1.064209
8046 0.026611 0.026611 -1.065918
8058 0.026855 0.019043 -1.062988
8070 0.028564 0.026367 -1.062988
8081 0.025879 0.026855 -1.060059
8093 0.024902 0.024902 -1.063232
8105 0.027832 0.021240 -1.060547
8117 0.028809 0.024414 -1.062744
8129 0.027100 0.020264 -1.069824
8141 0.022705 0.021973 -1.062744
8153 0.024658 0.021240 -1.062744
8164 0.025391 0.020264 -1.069824
8176 0.028320 0.022949 -1.075195
8188 0.024170 0.025635 -1.065918
8200 0.023193 0.022949 -1.068115
8212 0.034180 0.023438 -1.073242
8224 0.021240 0.019287 -1.064697
8236 0.025391 0.016846 -1.059814
8247 0.023682 0.023193 -1.062012
8259 0.025146 0.020752 -1.063965
8271 0.034668 0.021973 -1.062744
8283 0.020752 0.020264 -1.062012
8295 0.029785 0.020752 -1.062256
8307 0.027344 0.023438 -1.072021
8319 0.020264 0.024658 -1.058594
8330 0.032715 0.028320 -1.060059
8342 0.025879 0.024414 -1.061768
8354 0.026367 0.026367 -1.059814
8366 0.029297 0.030518 -1.067139
8378 0.029053 0.023193 -1.065430
8390 0.027344 0.022217 -1.068359
8402 0.026123 0.029541 -1.063477
8414 0.030762 0.024902 -1.074707
8425 0.032959 0.017334 -1.071777
8437 0.030518 0.023193 -1.069824
8449 0.029541 0.018066 -1.059326
8461 0.022949 0.023926 -1.053223
8473 0.022705 0.018311 -1.059082
8485 0.020752 0.021240 -1.065430
8497 0.021973 0.023438 -1.062012
8508 0.022461 0.019287 -1.058105
8520 0.020752 0.022461 -1.059570
8532 0.027588 0.027832 -1.061768
8544 0.034180 0.026123 -1.070557
8556 0.026367 0.022705 -1.057373
8568 0.025391 0.025635 -1.067139
8580 0.023926 0.028320 -1.061523
8591 0.021973 0.016846 -1.056396
8603 0.028320 0.020508 -1.062744
8615 0.020508 0.026123 -1.057129
8627 0.025879 0.020996 -1.062744
8639 0.025391 0.027344 -1.060303
8651 0.028076 0.022461 -1.064697
8663 0.027832 0.020020 -1.067139
8674 0.023682 0.021729 -1.058838
8686 0.029053 0.025146 -1.058594
8698 0.028564 0.027588 -1.066650
8710 0.019775 0.024170 -1.062988
8722 0.019775 0.019775 -1.057129
8734 0.023682 0.016846 -1.064209
8746 0.021240 0.026367 -1.062256
8758 0.025391 0.016357 -1.058838
8769 0.024170 0.017578 -1.065918
8781 0.036621 0.016357 -1.060547
8793 0.029297 0.019043 -1.060791
8805 0.031982 0.018311 -1.069336
8817 0.029785 0.025391 -1.062744
8829 0.023926 0.023438 -1.070312
8841 0.026123 0.027344 -1.065430
8852 0.032471 0.029297 -1.057129
8864 0.022217 0.029541 -1.068359
8876 0.025879 0.024414 -1.064697
8888 0.024902 0.019775 -1.059082
8900 0.029297 0.020996 -1.063232
8912 0.029297 0.025146 -1.064941
8924 0.028076 0.024170 -1.064453
8935 0.033936 0.023193 -1.061523
8947 0.024170 0.026367 -1.064453
8959 0.027588 0.025635 -1.059570
8971 0.030762 0.021729 -1.068848
8983 0.030029 0.025146 -1.059570
8995 0.025635 0.022949 -1.064209
9007 0.028320 0.019775 -1.056641
9018 0.024902 0.024902 -1.069580
9030 0.019775 0.021973 -1.059814
9042 0.025879 0.018799 -1.065186
9054 0.019531 0.027588 -1.064697
9066 0.026855 0.023682 -1.062256
9078 0.034668 0.027100 -1.061279
9090 0.028809 0.027100 -1.052734
9102 0.026367 0.026123 -1.056885
9113 0.026611 0.023682 -1.061035
9125 0.026123 0.018799 -1.061768
9137 0.020508 0.023193 -1.064941
9149 0.026855 0.027588 -1.066406
9161 0.019531 0.025391 -1.059326
9173 0.025391 0.022949 -1.059570
9185 0.027588 0.021240 -1.073242
9196 0.029053 0.022949 -1.069336
9208 0.028076 0.021484 -1.067139
9220 0.030029 0.018066 -1.056641
9232 0.025879 0.026611 -1.060791
9244 0.027344 0.028809 -1.056152
9256 0.023682 0.022461 -1.059082
9268 0.026123 0.027588 -1.063232
9279 0.029297 0.026855 -1.072266
9291 0.030273 0.028809 -1.059570
9303 0.028809 0.028076 -1.063477
9315 0.026367 0.023438 -1.060303
9327 0.030029 0.022949 -1.056885
9339 0.026123 0.021729 -1.068359
9351 0.021729 0.025146 -1.075195
9362 0.021729 0.023682 -1.059326
9374 0.030029 0.030029 -1.064941
9386 0.024658 0.023438 -1.062988
9398 0.024414 0.026367 -1.061035
9410 0.029785 0.025146 -1.059814
9422 0.028809 0.023193 -1.060791
9434 0.031982 0.021729 -1.061035
9445 0.026123 0.023438 -1.058594
9457 0.023926 0.022217 -1.057129
9469 0.021729 0.020508 -1.063232
9481 0.024902 0.022217 -1.067627
9493 0.028320 0.024902 -1.067139
9505 0.021484 0.019287 -1.062256
9517 0.025879 0.027344 -1.057129
9529 0.027832 0.022217 -1.065430
9540 0.031738 0.023193 -1.070801
9552 0.028809 0.023193 -1.066650
9564 0.031494 0.022461 -1.063965
9576 0.021729 0.024902 -1.061035
9588 0.025879 0.024658 -1.062744
9600 0.028320 0.026855 -1.058105
9612 0.027588 0.019531 -1.066162
9623 0.025635 0.030273 -1.063477
9635 0.026123 0.024902 -1.057617
9647 0.023193 0.020020 -1.060547
9659 0.026123 0.025146 -1.064941
9671 0.027100 0.025146 -1.062012
9683 0.025391 0.024902 -1.059570
9695 0.025391 0.020752 -1.066162
9706 0.020996 0.025635 -1.068848
9718 0.020752 0.022949 -1.071045
9730 0.031250 0.025635 -1.070312
9742 0.032959 0.020508 -1.073242
9754 0.031494 0.027100 -1.063477
9766 0.026367 0.024170 -1.066895
9778 0.023193 0.022461 -1.052002
9789 0.028076 0.024414 -1.066650
9801 0.025635 0.017334 -1.060547
9813 0.024170 0.018066 -1.064941
9825 0.019775 0.030029 -1.064209
9837 0.028076 0.022217 -1.062744
9849 0.024170 0.020752 -1.059326
9861 0.021240 0.020508 -1.072021
9873 0.027832 0.028564 -1.067383
9884 0.029541 0.028076 -1.065430
9896 0.028809 0.028564 -1.061279
9908 0.016846 0.027832 -1.058350
9920 0.032227 0.023682 -1.062256
9932 0.023682 0.022217 -1.063232
9944 0.022217 0.020264 -1.069580
9956 0.034424 0.020264 -1.064941
9967 0.027588 0.023926 -1.072754
9979 0.023926 0.019775 -1.062744
9991 0.023682 0.029053 -1.064209
10003 0.026611 0.022217 -1.064453
10015 0.025391 0.028809 -1.057617
10027 0.032471 0.027344 -1.055420
10039 0.026123 0.026611 -1.065186
10050 0.021973 0.020020 -1.060791
10062 0.034424 0.022461 -1.073730
10074 0.029053 0.022461 -1.055176
10086 0.023926 0.021729 -1.071045
10098 0.033691 0.021973 -1.064697
10110 0.028320 0.023682 -1.065918
10122 0.024658 0.026123 -1.064209
10134 0.029785 0.027588 -1.070068
10145 0.030273 0.031006 -1.066650
10157 0.027344 0.024902 -1.067627
10169 0.027588 0.024902 -1.068848
10181 0.025391 0.025391 -1.076660
10193 0.023682 0.018555 -1.062988
10205 0.022949 0.025391 -1.061768
10217 0.024658 0.021240 -1.068359
10228 0.028320 0.022461 -1.060791
10240 0.029541 0.021973 -1.061523
10252 0.019775 0.025635 -1.069336
10264 0.023193 0.024170 -1.062256
10276 0.026123 0.024414 -1.056641
10288 0.028809 0.020020 -1.061523
10300 0.025391 0.025391 -1.059814
10311 0.026123 0.023438 -1.061035
10323 0.026123 0.025879 -1.062012
10335 0.024414 0.020752 -1.064453
10347 0.027344 0.026367 -1.062012
10359 0.019775 0.028564 -1.063232
10371 0.024658 0.024414 -1.064453
10383 0.031738 0.019287 -1.060791
10394 0.028564 0.024902 -1.062988
10406 0.023926 0.026855 -1.065186
10418 0.024414 0.019287 -1.067139
10430 0.031494 0.021729 -1.057129
10442 0.020264 0.022705 -1.066650
10454 0.031494 0.025146 -1.064941
10466 0.029297 0.022949 -1.064697
10477 0.024414 0.022705 -1.065430
10489 0.026611 0.030273 -1.058838
10501 0.028076 0.025879 -1.060547
10513 0.023682 0.028076 -1.062744
10525 0.034424 0.026611 -1.061035
10537 0.022461 0.027588 -1.060547
10549 0.019531 0.023438 -1.062744
10560 0.020020 0.028564 -1.066895
10572 0.027100 0.028076 -1.055176
10584 0.024414 0.023438 -1.058594
10596 0.023193 0.025146 -1.073242
10608 0.023193 0.023926 -1.067871
10620 0.025635 0.022461 -1.068359
10632 0.028320 0.024414 -1.058105
10644 0.022705 0.020752 -1.056396
10655 0.027344 0.029785 -1.068848
10667 0.029785 0.018555 -1.065186
10679 0.027832 0.018799 -1.072266
10691 0.023926 0.022217 -1.061768
10703 0.030762 0.018799 -1.066162
10715 0.023926 0.021729 -1.059814
10727 0.036865 0.026367 -1.060303
10738 0.023438 0.021729 -1.062256
10750 0.024658 0.017334 -1.066162
10762 0.028320 0.020996 -1.072266
10774 0.021484 0.028076 -1.061768
10786 0.030762 0.020996 -1.062500
10798 0.029297 0.023193 -1.063721
10810 0.028320 0.026855 -1.064941
10821 0.024170 0.020508 -1.069824
10833 0.028076 0.029053 -1.061768
10845 0.029785 0.024658 -1.059082
10857 0.028076 0.023682 -1.057861
10869 0.028809 0.018799 -1.063232
10881 0.018311 0.027588 -1.065186
10893 0.023682 0.021973 -1.065430
10904 0.027344 0.023682 -1.072510
10916 0.023438 0.021240 -1.065430
10928 0.030518 0.027588 -1.050049
10940 0.035645 0.027832 -1.065430
10952 0.025146 0.021484 -1.063232
10964 0.028809 0.021729 -1.067383
10976 0.022461 0.023193 -1.060303
10987 0.024658 0.020264 -1.069824
10999 0.023926 0.022461 -1.057373
11011 0.030029 0.026123 -1.058350
11023 0.027588 0.018066 -1.059570
11035 0.027588 0.024658 -1.066162
11047 0.035156 0.025391 -1.060547
11059 0.022949 0.026855 -1.061035
11070 0.019775 0.028320 -1.063721
11082 0.024170 0.022217 -1.066162
11094 0.028809 0.021729 -1.056152
11106 0.027588 0.024658 -1.061768
11118 0.035400 0.019775 -1.062500
11130 0.022949 0.028564 -1.052002
11142 0.031494 0.026855 -1.047852
11154 0.031494 0.026367 -1.055176
11165 0.028564 0.028320 -1.058838
11177 0.028564 0.019043 -1.052002
11189 0.022461 0.028809 -1.060059
11201 0.022705 0.027100 -1.066895
11213 0.028076 0.030762 -1.064941
11225 0.032227 0.028809 -1.051514
11237 0.028564 0.026123 -1.069092
11248 0.025391 0.026367 -1.057373
11260 0.025879 0.022949 -1.073242
11272 0.026367 0.019775 -1.068848
11284 0.025879 0.026123 -1.060303
11296 0.025391 0.027588 -1.058350
11308 0.025146 0.023438 -1.059814
11320 0.024902 0.023438 -1.054199
11331 0.025391 0.024658 -1.057617
11343 0.033691 0.019775 -1.072266
11355 0.026611 0.024414 -1.061035
11367 0.031250 0.027588 -1.065430
11379 0.026611 0.026123 -1.067871
11391 0.023926 0.025879 -1.060059
11403 0.019775 0.022461 -1.062500
11414 0.028809 0.019531 -1.062744
11426 0.029297 0.024902 -1.073975
11438 0.026367 0.020508 -1.061768
11450 0.024170 0.022217 -1.067139
11462 0.027832 0.020996 -1.071045
11474 0.031982 0.023438 -1.053467
11486 0.028564 0.025146 -1.063721
11497 0.026367 0.025635 -1.061279
11509 0.029053 0.021240 -1.062012
11521 0.026367 0.018555 -1.069824
11533 0.027344 0.029297 -1.062744
11545 0.023682 0.021484 -1.070557
11557 0.026123 0.024902 -1.072510
11569 0.031006 0.023438 -1.061279
11580 0.026123 0.020020 -1.068115
11592 0.032959 0.024414 -1.058594
11604 0.027832 0.027832 -1.062744
11616 0.028809 0.019287 -1.061523
11628 0.030273 0.028320 -1.064697
11640 0.027344 0.021484 -1.068115
11652 0.027344 0.027344 -1.065918
11663 0.033691 0.019287 -1.053467
11675 0.022949 0.020508 -1.068604
11687 0.024902 0.021240 -1.062500
11699 0.026611 0.027100 -1.063721
11711 0.024170 0.019287 -1.066650
11723 0.024902 0.015625 -1.065674
11735 0.029053 0.024658 -1.070312
11746 0.030762 0.023926 -1.062744
11758 0.028809 0.017822 -1.065186
11770 0.027832 0.022949 -1.069092
11782 0.023926 0.030518 -1.058838
11794 0.026855 0.027588 -1.067383
11806 0.030029 0.025879 -1.060791
11818 0.027344 0.020264 -1.062988
11829 0.026611 0.021240 -1.065430
11841 0.027100 0.029541 -1.058350
11853 0.026611 0.027832 -1.059570
11865 0.032227 0.027832 -1.070068
11877 0.023682 0.018555 -1.069824
11889 0.032227 0.025146 -1.061523
11901 0.021973 0.021240 -1.070801
11913 0.031494 0.021729 -1.062744
11924 0.031250 0.024170 -1.060547
11936 0.031250 0.027100 -1.056396
11948 0.031494 0.027100 -1.072754
11960 0.019531 0.026855 -1.058838
11972 0.022461 0.017822 -1.058105
11984 0.022949 0.024658 -1.066650
11996 0.024658 0.024902 -1.063965
12007 0.028320 0.017334 -1.060059
12019 0.031006 0.025391 -1.061768
12031 0.024658 0.028564 -1.061279
12043 0.031494 0.027832 -1.059082
12055 0.031250 0.021729 -1.057861
12067 0.022217 0.023682 -1.068115
12079 0.024902 0.018799 -1.064697
12090 0.028564 0.023438 -1.063965
12102 0.026611 0.018311 -1.061523
12114 0.021729 0.028809 -1.066162
12126 0.025635 0.029541 -1.060059
12138 0.027100 0.022705 -1.065674
12150 0.029541 0.024902 -1.068604
12162 0.029297 0.024902 -1.064209
12173 0.036377 0.020020 -1.059082
12185 0.032959 0.023193 -1.065186
12197 0.027832 0.027588 -1.061035
12209 0.018066 0.021973 -1.053955
12221 0.026367 0.027832 -1.067627
12233 0.023438 0.026123 -1.068115
12245 0.024658 0.020020 -1.059570
12256 0.027832 0.024170 -1.063477
12268 0.026123 0.017578 -1.062988
12280 0.027100 0.024902 -1.068359
12292 0.026123 0.018066 -1.059814
12304 0.022461 0.028076 -1.055420
12316 0.025879 0.025391 -1.073242
12328 0.028320 0.026367 -1.058594
12339 0.020020 0.024658 -1.058350
12351 0.028320 0.022461 -1.070312
12363 0.023438 0.022949 -1.066406
12375 0.034668 0.027344 -1.069824
12387 0.027100 0.026367 -1.060059
12399 0.026123 0.020264 -1.062256
12411 0.025879 0.025391 -1.057129
12422 0.026855 0.020264 -1.055176
12434 0.026855 0.023682 -1.069824
12446 0.025391 0.022217 -1.064453
12458 0.024414 0.025391 -1.066895
12470 0.024414 0.022949 -1.061523
12482 0.031006 0.027344 -1.063477
12494 0.025635 0.023193 -1.063232
12505 0.017822 0.023926 -1.065430
12517 0.025391 0.030518 -1.061279
12529 0.024658 0.026123 -1.054443
12541 0.024414 0.018799 -1.065186
12553 0.024658 0.021973 -1.061523
12565 0.029053 0.025635 -1.064941
12577 0.024170 0.020752 -1.066406
12588 0.021729 0.022949 -1.068848
12600 0.026611 0.028809 -1.065918
12612 0.027100 0.024902 -1.054932
12624 0.025146 0.023682 -1.062744
12636 0.029541 0.023926 -1.064941
12648 0.022217 0.022705 -1.065430
12660 0.029297 0.025146 -1.063232
12672 0.032959 0.023438 -1.068115
12683 0.028564 0.024902 -1.063965
12695 0.033936 0.022217 -1.052002
12707 0.030518 0.023438 -1.063965
12719 0.028809 0.025635 -1.063477
12731 0.038086 0.023438 -1.070068
12743 0.028076 0.017090 -1.065430
12754 0.029541 0.021973 -1.069336
12766 0.021484 0.020264 -1.065430
12778 0.027832 0.027100 -1.059326
12790 0.024414 0.025146 -1.069336
12802 0.028809 0.025879 -1.064453
12814 0.031006 0.023682 -1.063477
12826 0.024414 0.021729 -1.061279
12837 0.026611 0.015869 -1.072266
12849 0.029541 0.025146 -1.066650
12861 0.027344 0.025635 -1.060547
12873 0.022949 0.025391 -1.064697
12885 0.027588 0.020020 -1.066895
12897 0.033447 0.024902 -1.063477
12909 0.029541 0.030273 -1.061768
12921 0.023682 0.021240 -1.065674