1061 1.031738 0.011230 -0.060547
1073 1.037598 -0.001221 -0.064941
1084 1.038330 0.000488 -0.073486
1096 1.037842 -0.001221 -0.060059
1108 1.036621 0.008301 -0.061279
1120 1.034668 -0.001465 -0.064697
1132 1.032471 -0.001221 -0.063721
1144 1.030029 0.004150 -0.068115
1155 1.034668 -0.002197 -0.062012
1167 1.031982 0.003418 -0.061768
1179 1.035156 0.002197 -0.065430
1191 1.034180 0.002686 -0.070312
1203 1.031982 0.000488 -0.064209
1214 1.039307 -0.000977 -0.062988
1226 1.033203 0.005615 -0.050293
1238 1.034424 0.004395 -0.062500
1250 1.038574 -0.005371 -0.072266
1262 1.037842 0.002930 -0.066406
1274 1.036133 0.005127 -0.073975
1285 1.030273 -0.002930 -0.063721
1297 1.038086 0.001709 -0.063721
1309 1.034668 -0.003662 -0.062744
1321 1.034180 -0.001465 -0.066895
1333 1.036133 0.002930 -0.075684
1345 1.037598 0.007324 -0.073486
1356 1.038330 0.007080 -0.063477
1368 1.033691 0.003174 -0.067139
1380 1.039062 -0.006104 -0.063477
1392 1.033447 -0.002197 -0.069580
1404 1.034668 0.000977 -0.059326
1416 1.037842 0.004883 -0.066895
1427 1.041748 -0.003418 -0.061523
1439 1.031006 0.006348 -0.068848
1451 1.030029 0.002930 -0.061768
1463 1.046387 0.002197 -0.060303
1475 1.037109 0.001709 -0.063232
1486 1.035400 -0.004883 -0.070557
1498 1.039062 0.000488 -0.069580
1510 1.037842 -0.000732 -0.062500
1522 1.029785 0.003906 -0.066895
1534 1.041748 0.001465 -0.065430
1546 1.032227 -0.001221 -0.061523
1557 1.034180 0.000000 -0.063721
1569 1.038086 0.007568 -0.071045
1581 1.040527 0.001953 -0.069580
1593 1.039307 0.001709 -0.069092
1605 1.038818 0.001709 -0.060303
1617 1.035645 0.007568 -0.051514
1628 1.033447 0.000488 -0.065186
1640 1.044434 0.000488 -0.066406
1652 1.035400 -0.001465 -0.056152
1664 1.034424 -0.001221 -0.056396
1676 1.031250 0.002686 -0.058594
1688 1.033691 0.004150 -0.073242
1699 1.030273 0.002441 -0.066895
1711 1.035156 0.000244 -0.069092
1723 1.033203 -0.000244 -0.067383
1735 1.034424 0.003662 -0.068115
1747 1.039795 -0.001221 -0.065918
1759 1.031006 0.002930 -0.066406
1770 1.033936 0.001465 -0.062744
1782 1.032471 0.007324 -0.062744
1794 1.040771 0.000488 -0.061279
1806 1.032715 0.004395 -0.054688
1818 1.033936 0.000732 -0.063232
1829 1.036865 0.000488 -0.057129
1841 1.030518 0.001221 -0.062988
1853 1.039062 -0.000732 -0.070801
1865 1.032471 -0.001709 -0.068115
1877 1.038574 0.001465 -0.062744
1889 1.037109 0.006836 -0.057129
1900 1.029297 0.004150 -0.059082
1912 1.037109 0.001709 -0.069092
1924 1.031250 0.000000 -0.055908
1936 1.032227 0.005127 -0.070312
1948 1.036621 -0.001709 -0.067383
1960 1.032959 -0.000244 -0.072510
1971 1.036865 0.000732 -0.063232
1983 1.030762 -0.005127 -0.058105
1995 1.029541 -0.000977 -0.061035
2007 1.028809 -0.001953 -0.058105
2019 1.047119 0.005127 -0.059082
2031 1.034424 -0.004883 -0.057617
2042 1.028076 -0.002197 -0.063477
2054 1.032715 0.006348 -0.065186
2066 1.036865 -0.001465 -0.062256
2078 1.037842 -0.002686 -0.058594
2090 1.036377 0.004150 -0.063721
2101 1.041992 -0.000977 -0.067383
2113 1.036133 0.000977 -0.053223
2125 1.036377 0.006348 -0.064941
2137 1.037109 -0.001709 -0.059326
2149 1.037109 0.001221 -0.065674
2161 1.038574 0.000488 -0.064941
2173 1.039551 0.001465 -0.062500
2184 1.037842 0.006348 -0.056885
2196 1.035156 -0.003174 -0.056396
2208 1.040283 0.006836 -0.067871
2220 1.032715 -0.000977 -0.068604
2232 1.028809 0.004639 -0.061279
2243 1.033936 0.001709 -0.064941
2255 1.031738 0.004639 -0.060547
2267 1.037598 0.002930 -0.061279
2279 1.032959 -0.002441 -0.074219
2291 1.036865 0.000244 -0.073486
2303 1.035645 0.001953 -0.067139
2314 1.031982 0.006592 -0.069824
2326 1.036865 -0.001221 -0.067871
2338 1.035400 0.000977 -0.071777
2350 1.035889 0.006836 -0.059326
2362 1.044922 0.004395 -0.062744
2374 1.039062 -0.008789 -0.060059
2385 1.036377 0.003174 -0.064941
2397 1.039551 -0.003906 -0.070068
2409 1.033447 0.005127 -0.059570
2421 1.037842 -0.001709 -0.055908
2433 1.033936 0.003418 -0.061523
2445 1.039551 -0.001221 -0.063477
2456 1.043701 -0.004150 -0.069580
2468 1.044434 0.009766 -0.079346
2480 1.033447 0.001709 -0.066162
2492 1.040771 -0.000732 -0.067383
2504 1.039307 -0.002441 -0.060303
2516 1.035400 0.004395 -0.060059
2527 1.032715 -0.000488 -0.049561
2539 1.038086 0.002686 -0.070801
2551 1.031494 -0.000244 -0.074951
2563 1.034180 0.004639 -0.060547
2575 1.034668 0.001221 -0.059814
2587 1.031982 -0.002930 -0.064453
2598 1.039062 0.003174 -0.065186
2610 1.036621 0.006836 -0.062988
2622 1.034668 0.004639 -0.067383
2634 1.033691 0.003418 -0.065430
2646 1.034668 0.001953 -0.065918
2657 1.032227 -0.002441 -0.065430
2669 1.030029 -0.004395 -0.064453
2681 1.036377 0.002686 -0.052734
2693 1.031738 0.006348 -0.060059
2705 1.042969 0.006104 -0.070312
2717 1.034912 0.000244 -0.061768
2728 1.042969 0.001465 -0.062744
2740 1.027100 0.003174 -0.062500
2752 1.036621 0.002197 -0.060791
2764 1.039795 0.001465 -0.070068
2776 1.031494 0.003174 -0.058838
2788 1.034668 0.010498 -0.072266
2799 1.033936 -0.000244 -0.065186
2811 1.031006 0.002197 -0.057617
2823 1.037354 0.001953 -0.067627
2835 1.031006 0.000244 -0.063477
2847 1.030518 0.005615 -0.064209
2859 1.034668 0.003418 -0.057129
2870 1.036621 0.001953 -0.062012
2882 1.034424 0.000000 -0.066406
2894 1.043213 0.003906 -0.057617
2906 1.039062 0.009033 -0.070557
2918 1.036865 -0.000488 -0.062012
2929 1.042236 -0.001221 -0.070068
2941 1.038086 -0.003662 -0.065674
2953 1.030518 -0.000244 -0.064453
2965 1.038818 0.000977 -0.069336
2977 1.033203 0.003418 -0.057861
2989 1.038086 0.002930 -0.063965
3000 1.031250 0.002930 -0.064697
3012 1.038330 0.006592 -0.062500
3024 1.039307 0.009033 -0.073486
3036 1.038330 0.003906 -0.061768
3048 1.035400 -0.002441 -0.061768
3060 1.039307 -0.004150 -0.058838
3071 1.037842 0.002441 -0.067139
3083 1.029785 0.009521 -0.064697
3095 1.029785 0.003418 -0.056885
3107 1.032959 0.002441 -0.057373
3119 1.044922 0.000977 -0.067383
3131 1.035156 0.002197 -0.063232
3142 1.041260 -0.002441 -0.076416
3154 1.033691 0.004639 -0.053711
3166 1.035400 0.000000 -0.074951
3178 1.036133 -0.002686 -0.060059
3190 1.036377 -0.000244 -0.068115
3202 1.032471 0.002197 -0.073730
3213 1.039795 0.006348 -0.064697
3225 1.037109 0.003418 -0.068848
3237 1.034424 0.001221 -0.064697
3249 1.034668 -0.006836 -0.062256
3261 1.039551 0.007080 -0.062500
3272 1.039062 -0.004150 -0.061279
3284 1.035645 -0.003662 -0.064209
3296 1.033203 0.003906 -0.065186
3308 1.035400 0.003174 -0.060791
3320 1.036133 0.000977 -0.058350
3332 1.036133 -0.002441 -0.062500
3343 1.034424 0.000732 -0.058594
3355 1.036133 -0.003906 -0.060547
3367 1.034912 0.000977 -0.062256
3379 1.035889 0.000244 -0.059326
3391 1.035400 0.000244 -0.069824
3403 1.036865 -0.003174 -0.054932
3414 1.037598 0.001953 -0.066650
3426 1.034912 0.004395 -0.056396
3438 1.035400 0.005859 -0.069092
3450 1.039307 0.007080 -0.059570
3462 1.040039 -0.001221 -0.062744
3474 1.033691 -0.000488 -0.070068
3485 1.041748 0.005371 -0.056396
3497 1.039551 0.003418 -0.064209
3509 1.039062 -0.002441 -0.079102
3521 1.029541 -0.003418 -0.073242
3533 1.039062 0.002197 -0.058838
3544 1.035156 -0.002441 -0.063965
3556 1.029785 0.003906 -0.067383
3568 1.037842 0.003174 -0.062256
3580 1.034180 0.006104 -0.064697
3592 1.035645 -0.002441 -0.051758
3604 1.039062 -0.003174 -0.067871
3615 1.042236 0.010254 -0.072754
3627 1.032715 0.000488 -0.060059
3639 1.034424 0.005859 -0.063477
3651 1.036377 -0.000732 -0.067139
3663 1.029297 0.000732 -0.055908
3675 1.038086 0.002930 -0.067871
3686 1.030762 0.001465 -0.060547
3698 1.033447 0.000732 -0.061279
3710 1.032471 0.000488 -0.056152
3722 1.039795 0.004150 -0.073730
3734 1.033691 -0.001465 -0.062012
3746 1.034912 -0.004883 -0.053955
3757 1.036621 0.007812 -0.066406
3769 1.040039 0.000732 -0.065186
3781 1.037354 0.004150 -0.059814
3793 1.030762 0.006836 -0.063477
3805 1.040039 -0.001953 -0.061523
3816 1.036133 0.004150 -0.062500
3828 1.036865 -0.000244 -0.055908
3840 1.034180 0.001465 -0.063477
3852 1.031982 0.007812 -0.076172
3864 1.042480 0.006348 -0.062988
3876 1.038330 0.004395 -0.069824
3887 1.032227 -0.000732 -0.058350
3899 1.036865 0.006104 -0.061523
3911 1.032715 0.000244 -0.062012
3923 1.036133 -0.004150 -0.059326
3935 1.039795 0.007568 -0.061279
3947 1.030029 0.006104 -0.062744
3958 1.033936 -0.002930 -0.064453
3970 1.028564 -0.004395 -0.066650
3982 1.039062 0.000732 -0.068604
3994 1.029785 0.000244 -0.072754
4006 1.034912 -0.002197 -0.062012
4018 1.034668 0.001953 -0.059814
4029 1.039307 -0.001465 -0.061523
4041 1.035889 0.005127 -0.058350
4053 1.030518 0.001465 -0.066895
4065 1.037598 0.001709 -0.065918
4077 1.034424 -0.001221 -0.062744
4088 1.033691 -0.000244 -0.067871
4100 1.035400 -0.001709 -0.063232
4112 1.034668 0.008057 -0.067383
4124 1.037354 0.003174 -0.064697
4136 1.036865 0.004395 -0.066406
4148 1.034668 -0.004639 -0.072266
4159 1.036377 0.005127 -0.064697
4171 1.042969 0.001953 -0.055908
4183 1.035400 -0.001953 -0.064697
4195 1.038330 -0.001465 -0.059326
4207 1.032959 0.008301 -0.064453
4219 1.037354 -0.003662 -0.063232
4230 1.037842 0.003174 -0.072266
4242 1.035645 0.003174 -0.064209
4254 1.034424 0.006348 -0.061279
4266 1.035889 0.003906 -0.060059
4278 1.038086 0.004883 -0.059570
4290 1.035156 0.003174 -0.056641
4301 1.035400 0.004883 -0.060059
4313 1.036621 0.000488 -0.064453
4325 1.036865 0.002686 -0.068115
4337 1.038574 -0.004150 -0.060303
4349 1.037354 0.003906 -0.061279
4361 1.037842 0.001953 -0.056641
4372 1.035645 -0.002441 -0.065674
4384 1.035156 -0.000488 -0.061523
4396 1.040039 -0.002686 -0.053223
4408 1.032227 0.007324 -0.069580
4420 1.033691 0.004883 -0.062988
4431 1.035156 0.003174 -0.070557
4443 1.033447 0.001465 -0.062500
4455 1.038818 0.006836 -0.059570
4467 1.040283 0.000977 -0.067139
4479 1.038818 -0.005127 -0.059814
4491 1.028564 0.002197 -0.067383
4502 1.039062 0.003174 -0.070068
4514 1.034668 0.003906 -0.059326
4526 1.035645 0.007812 -0.072510
4538 1.035889 -0.001221 -0.057617
4550 1.038330 0.002441 -0.069336
4562 1.038574 -0.000732 -0.058350
4573 1.037842 0.001465 -0.061523
4585 1.034180 -0.003418 -0.068359
4597 1.043945 0.004639 -0.058350
4609 1.039551 0.000488 -0.074219
4621 1.040771 -0.001953 -0.069580
4633 1.033936 0.000732 -0.066650
4644 1.040039 -0.003418 -0.062744
4656 1.032959 0.000000 -0.062988
4668 1.035156 -0.001465 -0.059570
4680 1.032959 0.004883 -0.066895
4692 1.034424 -0.003418 -0.064453
4704 1.041992 0.005371 -0.055664
4715 1.036865 0.004883 -0.067383
4727 1.039551 0.000244 -0.073975
4739 1.033447 0.002197 -0.064209
4751 1.041260 -0.002441 -0.063721
4763 1.034180 0.000244 -0.056396
4774 1.035645 -0.000977 -0.058105
4786 1.032959 -0.001221 -0.071045
4798 1.036621 0.002686 -0.057129
4810 1.035156 0.000732 -0.063477
4822 1.035156 0.000732 -0.060547
4834 1.036377 0.000000 -0.065186
4846 1.034912 -0.000732 -0.061035
4857 1.035400 0.002441 -0.053467
4869 1.031982 0.003174 -0.059814
4881 1.031250 -0.002197 -0.064453
4893 1.040771 0.001953 -0.067139
4905 1.033936 0.001465 -0.071289
4916 1.035156 0.006348 -0.063232
4928 1.035400 0.000977 -0.061523
4940 1.032227 0.004883 -0.060547
4952 1.032959 0.001465 -0.059814
4964 1.028564 0.004395 -0.054688
4976 1.034424 0.004395 -0.059570
4987 1.034668 0.000732 -0.062012
4999 1.033936 0.003662 -0.063721
5011 1.037598 0.007324 -0.053711
5023 1.039307 0.001953 -0.059814
5035 1.035645 0.003418 -0.066895
5047 1.036621 0.001465 -0.062988
5058 1.040771 0.005371 -0.064209
5070 1.029541 0.001953 -0.059326
5082 1.039307 -0.005615 -0.063477
5094 1.033447 0.001953 -0.064697
5106 1.032959 0.003662 -0.056885
5118 1.037598 0.002930 -0.063965
5129 1.036621 0.008301 -0.060059
5141 1.036621 0.003174 -0.056885
5153 1.043213 0.001465 -0.068359
5165 1.033691 0.003906 -0.061768
5177 1.033691 0.000732 -0.056885
5189 1.036377 -0.001221 -0.059326
5200 1.041748 -0.002441 -0.058838
5212 1.035889 0.001465 -0.065918
5224 1.029785 0.004639 -0.058838
5236 1.035645 -0.001465 -0.060547
5248 1.031982 0.003174 -0.055664
5259 1.034424 0.004639 -0.064453
5271 1.034912 0.006104 -0.062012
5283 1.039062 0.000977 -0.054199
5295 1.033203 0.003906 -0.064697
5307 1.032715 0.003906 -0.069336
5319 1.033691 0.002930 -0.067139
5330 1.037109 0.000488 -0.066406
5342 1.036133 0.001221 -0.059326
5354 1.032959 0.001221 -0.052734
5366 1.035889 -0.001953 -0.064453
5378 1.039795 -0.002686 -0.057129
5390 1.041260 0.003174 -0.066895
5401 1.034668 0.001221 -0.067383
5413 1.036865 0.003418 -0.062256
5425 1.030518 0.001221 -0.061523
5437 1.037354 0.002686 -0.056152
5449 1.031494 0.003418 -0.064209
5461 1.034912 0.002686 -0.068359
5472 1.043701 -0.003906 -0.059326
5484 1.033691 0.000244 -0.057617
5496 1.034180 0.001953 -0.061035
5508 1.040283 0.005859 -0.068115
5520 1.035645 0.005127 -0.060791
5531 1.035400 0.007568 -0.071045
5543 1.034668 0.003174 -0.063477
5555 1.028809 0.006592 -0.056885
5567 1.038330 -0.002930 -0.066162
5579 1.039307 -0.000244 -0.064209
5591 1.039795 0.000244 -0.061768
5602 1.033203 -0.001221 -0.058105
5614 1.034180 0.001221 -0.052734
5626 1.030762 -0.002197 -0.060059
5638 1.030762 0.000977 -0.065918
5650 1.033447 0.003662 -0.061523
5662 1.037354 0.007324 -0.065430
5673 1.039307 0.004395 -0.054443
5685 1.040039 -0.002197 -0.069580
5697 1.032959 0.001465 -0.057129
5709 1.035400 0.004883 -0.068115
5721 1.032227 0.001709 -0.070801
5733 1.033447 0.005859 -0.064453
5744 1.038086 0.007568 -0.056885
5756 1.034668 0.004639 -0.067871
5768 1.036133 0.001953 -0.075684
5780 1.038574 0.000244 -0.058594
5792 1.034668 0.009521 -0.066406
5804 1.033936 0.001709 -0.061523
5815 1.032959 -0.002197 -0.060059
5827 1.036133 -0.005859 -0.064697
5839 1.039795 -0.001465 -0.058350
5851 1.034180 -0.000977 -0.067627
5863 1.034912 -0.000244 -0.063721
5874 1.035400 0.004395 -0.057129
5886 1.034424 -0.002197 -0.066895
5898 1.037354 -0.001953 -0.061279
5910 1.032227 -0.004150 -0.063721
5922 1.042725 0.004395 -0.059082
5934 1.037598 0.002441 -0.062256
5945 1.033691 0.007080 -0.059814
5957 1.032471 0.003662 -0.063477
5969 1.033936 0.005127 -0.064209
5981 1.038086 0.005615 -0.080566
5993 1.033447 0.000977 -0.066162
6005 1.031982 0.002441 -0.072754
6016 1.036133 0.004883 -0.059326
6028 1.034668 -0.003662 -0.060303
6040 1.032959 -0.003906 -0.059082
6052 1.036133 0.002686 -0.066895
6064 1.036621 -0.000732 -0.062988
6076 1.043701 0.000977 -0.062500
6087 1.032959 0.008301 -0.074707
6099 1.034912 0.002686 -0.059814
6111 1.034912 0.002930 -0.065430
6123 1.041504 0.006836 -0.063721
6135 1.034424 0.004395 -0.063477
6147 1.037842 -0.000244 -0.054199
6158 1.035400 -0.004639 -0.064941
6170 1.039795 -0.001709 -0.058838
6182 1.039307 0.002197 -0.064209
6194 1.034180 0.001953 -0.071777
6206 1.036133 0.001465 -0.056641
6218 1.035400 0.000000 -0.068604
6229 1.035889 -0.005127 -0.064209
6241 1.036377 0.006104 -0.061279
6253 1.036133 0.006836 -0.061523
6265 1.036865 0.004639 -0.065918
6277 1.033203 0.004395 -0.070312
6289 1.030029 0.007568 -0.066162
6300 1.040527 0.006592 -0.062500
6312 1.033203 0.009277 -0.057129
6324 1.036133 0.004883 -0.066406
6336 1.035400 -0.005127 -0.066895
6348 1.037354 0.000977 -0.068604
6359 1.035645 -0.000732 -0.064941
6371 1.028564 0.006348 -0.060303
6383 1.038574 -0.006348 -0.066162
6395 1.042725 0.006348 -0.066895
6407 1.039551 0.001465 -0.056885
6419 1.038818 0.000488 -0.053467
6430 1.039307 0.003906 -0.055176
6442 1.035889 0.000244 -0.061523
6454 1.039551 0.003906 -0.063965
6466 1.032471 -0.003662 -0.050293
6478 1.036621 0.003418 -0.074219
6490 1.034912 0.002441 -0.057373
6501 1.030762 0.002930 -0.070312
6513 1.031250 0.005127 -0.064697
6525 1.031982 0.001465 -0.059326
6537 1.035645 -0.000977 -0.067627
6549 1.032227 -0.001221 -0.057617
6561 1.029785 -0.001221 -0.069092
6572 1.036377 0.003174 -0.063477
6584 1.028809 0.004883 -0.056152
6596 1.029053 0.001953 -0.061768
6608 1.033203 -0.002441 -0.063477
6620 1.042725 0.003418 -0.067627
6632 1.038330 0.005127 -0.062500
6643 1.035156 0.003662 -0.062500
6655 1.034912 0.003418 -0.062988
6667 1.033936 0.000488 -0.071533
6679 1.041260 0.001709 -0.067627
6691 1.042480 0.007568 -0.057129
6702 1.043701 0.000977 -0.062744
6714 1.037842 0.003906 -0.065918
6726 1.031982 0.000732 -0.077881
6738 1.028809 0.001709 -0.071289
6750 1.032959 -0.005615 -0.071289
6762 1.033691 0.002686 -0.063477
6773 1.037598 0.009033 -0.060547
6785 1.033203 0.000000 -0.060791
6797 1.028076 0.000977 -0.064697
6809 1.033203 0.003418 -0.060791
6821 1.037354 -0.000488 -0.053711
6833 1.038574 0.003174 -0.069580
6845 1.034668 -0.002686 -0.060791
6856 1.032471 0.004395 -0.054688
6868 1.027588 -0.000244 -0.060791
6880 1.040527 -0.002441 -0.059814
6892 1.041016 0.000977 -0.067139
6904 1.034668 0.006348 -0.058350
6915 1.038086 0.001221 -0.060059
6927 1.034668 0.005371 -0.054443
6939 1.031982 0.001465 -0.068604
6951 1.039795 0.006348 -0.065674
6963 1.036133 -0.001221 -0.062744
6975 1.030029 0.005859 -0.062500
6986 1.040527 -0.002930 -0.057617
6998 1.036377 0.005615 -0.070068
7010 1.033691 0.000977 -0.063721
7022 1.038574 0.002686 -0.060791
7034 1.037842 0.002686 -0.061768
7046 1.038330 -0.001221 -0.056885
7057 1.031982 0.003174 -0.061035
7069 1.031006 0.004395 -0.066162
7081 1.031738 0.006836 -0.065918
7093 1.032471 0.009033 -0.055908
7105 1.034424 0.005615 -0.065918
7117 1.035156 0.001709 -0.058105
7128 1.036865 0.007568 -0.066650
7140 1.035889 0.011230 -0.059326
7152 1.032959 0.000244 -0.061279
7164 1.034424 0.002197 -0.064453
7176 1.034912 0.008301 -0.064941
7188 1.036865 0.005127 -0.068359
7199 1.039062 0.008057 -0.068848
7211 1.035645 0.005615 -0.056885
7223 1.035645 0.007080 -0.064697
7235 1.034668 0.008789 -0.057129
7247 1.034668 -0.004639 -0.058594
7259 1.041992 -0.001953 -0.061523
7270 1.034424 0.005859 -0.064209
7282 1.034424 0.000000 -0.064941
7294 1.034180 0.005127 -0.055908
7306 1.033691 0.005859 -0.074951
7318 1.035400 0.005615 -0.060791
7330 1.037598 0.005859 -0.061279
7341 1.036377 0.002686 -0.069092
7353 1.040771 0.008057 -0.050781
7365 1.036377 0.000000 -0.069336
7377 1.033447 -0.001465 -0.066406
7389 1.031250 0.007812 -0.055420
7401 1.034912 0.002197 -0.068848
7412 1.031006 0.002197 -0.066650
7424 1.033936 0.003418 -0.071289
7436 1.040527 0.008301 -0.070312
7448 1.043701 0.008545 -0.058350
7460 1.041748 -0.005859 -0.071533
7471 1.035889 -0.001465 -0.058105
7483 1.029785 0.000000 -0.061035
7495 1.039795 0.005127 -0.063965
7507 1.037109 0.001465 -0.061279
7519 1.037842 0.001953 -0.060791
7531 1.037598 -0.001221 -0.061279
7542 1.031006 0.001709 -0.060303
7554 1.034668 0.001465 -0.064697
7566 1.038818 0.000732 -0.059082
7578 1.030029 0.004150 -0.058594
7590 1.033936 -0.000244 -0.057129
7602 1.035400 0.003174 -0.062500
7613 1.033691 0.003662 -0.060791
7625 1.033447 0.002686 -0.055176
7637 1.031494 0.002441 -0.064209
7649 1.036377 0.003174 -0.054932
7661 1.032715 0.000732 -0.066895
7673 1.040527 0.007080 -0.066895
7684 1.040283 0.001221 -0.064209
7696 1.041504 -0.000244 -0.057617
7708 1.031738 0.002197 -0.048340
7720 1.033447 -0.000244 -0.048584
7732 1.032959 -0.002930 -0.068359
7744 1.038086 0.003906 -0.067383
7755 1.032471 0.002197 -0.069824
7767 1.037354 0.011475 -0.055176
7779 1.033936 0.001709 -0.068115
7791 1.035645 0.002197 -0.056641
7803 1.033203 0.003174 -0.064941
7815 1.037109 -0.002197 -0.061523
7826 1.039551 0.002197 -0.062500
7838 1.035889 0.004883 -0.064209
7850 1.034668 0.001953 -0.060303
7862 1.039551 0.000488 -0.065430
7874 1.031738 0.004395 -0.062012
7885 1.034668 0.005615 -0.065186
7897 1.037354 0.004883 -0.067871
7909 1.036621 0.006104 -0.057129
7921 1.037109 0.001221 -0.058594
7933 1.035156 0.000000 -0.066895
7945 1.035645 0.002441 -0.069336
7956 1.038574 0.002686 -0.060303
7968 1.028076 0.005859 -0.060303
7980 1.033447 0.002686 -0.068848
7992 1.036133 0.005371 -0.061523
8004 1.035400 0.004883 -0.065186
8016 1.040771 0.022461 -0.071777
8027 1.036865 -0.017822 -0.063965
8039 1.034424 0.008789 -0.067383
8051 1.036133 0.000977 -0.066650
8063 1.040527 0.002441 -0.060059
8075 1.036377 0.004883 -0.055420
8087 1.041748 0.000244 -0.062988
8098 1.038818 0.003174 -0.061768
8110 1.038330 -0.005615 -0.062500
8122 1.033691 0.000000 -0.064209
8134 1.033691 0.001709 -0.063477
8146 1.043213 0.003418 -0.071289
8158 1.040039 0.004883 -0.059326
8169 1.034668 0.000732 -0.055664
8181 1.028076 0.007568 -0.064697
8193 1.041748 0.005371 -0.061768
8205 1.036621 -0.001953 -0.064453
8217 1.037598 0.006592 -0.052734
8229 1.037109 -0.000977 -0.069824
8240 1.034912 -0.001221 -0.061035
8252 1.038330 -0.010254 -0.067871
8264 1.037109 0.009521 -0.059082
8276 1.035645 0.009521 -0.068848
8288 1.032959 0.000732 -0.053955
8300 1.038574 0.002686 -0.063232
8311 1.038574 -0.009277 -0.051758
8323 1.037109 0.008301 -0.057861
8335 1.035645 0.002686 -0.068848
8347 1.041260 0.005859 -0.072998
8359 1.036621 -0.003662 -0.058594
8371 1.035645 -0.000732 -0.062500
8382 1.037598 0.008789 -0.066650
8394 1.031494 0.005859 -0.064941
8406 1.035400 0.002686 -0.060791
8418 1.033691 -0.000244 -0.064209
8430 1.036133 0.001709 -0.059326
8442 1.035645 0.001709 -0.064941
8453 1.029785 0.001953 -0.070312
8465 1.038818 -0.002441 -0.055664
8477 1.032471 -0.000488 -0.066895
8489 1.034668 0.001465 -0.054932
8501 1.037842 0.003906 -0.062500
8512 1.039795 0.000000 -0.053467
8524 1.041992 -0.000488 -0.067627
8536 1.033447 0.000244 -0.066650
8548 1.033691 0.004395 -0.064209
8560 1.041992 0.003174 -0.058350
8572 1.037598 0.008545 -0.063477
8583 1.036377 -0.000977 -0.064941
8595 1.032227 0.002197 -0.058594
8607 1.033691 0.003418 -0.057861
8619 1.034180 0.006348 -0.061279
8631 1.032715 0.000977 -0.069580
8643 1.031250 -0.005859 -0.058594
8654 1.037109 0.001221 -0.053955
8666 1.031494 0.002930 -0.057129
8678 1.031006 -0.000732 -0.062500
8690 1.036133 0.000488 -0.062500
8702 1.035156 0.000000 -0.067871
8714 1.040283 0.003662 -0.064697
8725 1.045166 0.005615 -0.073242
8737 1.031250 0.000244 -0.064209
8749 1.036133 0.007080 -0.072510
8761 1.035645 -0.001221 -0.066650
8773 1.041504 0.003174 -0.060791
8785 1.033691 0.002441 -0.056885
8796 1.034424 0.004395 -0.059082
8808 1.033936 0.000977 -0.069336
8820 1.031250 0.001953 -0.059570
8832 1.039307 0.001953 -0.071045
8844 1.040527 0.004150 -0.068604
8856 1.034424 0.006592 -0.067627
8867 1.040283 0.008789 -0.059326
8879 1.038818 0.001953 -0.066162
8891 1.037842 0.000977 -0.065186
8903 1.035889 0.002441 -0.063965
8915 1.039062 -0.000488 -0.066406
8926 1.034912 0.000732 -0.062500
8938 1.031494 -0.004150 -0.057129
8950 1.035400 0.001465 -0.057861
8962 1.036621 0.000000 -0.061035
8974 1.036133 -0.002930 -0.076660
8986 1.036621 0.000244 -0.060791
8997 1.036133 0.003174 -0.060547
9009 1.033936 0.000000 -0.072266
9021 1.035645 0.001709 -0.061279
9033 1.039795 0.001953 -0.067871
9045 1.036377 0.007080 -0.068848
9057 1.034668 -0.000977 -0.064209
9068 1.040771 0.000732 -0.063232
9080 1.031250 0.001953 -0.057617
9092 1.035889 -0.001221 -0.064453
9104 1.039062 0.005615 -0.068848
9116 1.046143 -0.000488 -0.062988
9128 1.039062 0.006836 -0.066162
9139 1.039551 0.000977 -0.069824
9151 1.037598 -0.002930 -0.061279
9163 1.036621 0.002197 -0.073486
9175 1.031494 0.000732 -0.057617
9187 1.033691 0.000000 -0.062012
9199 1.031738 -0.000732 -0.066895
9210 1.040527 -0.000244 -0.061768
9222 1.036133 -0.002441 -0.063477
9234 1.032227 0.000732 -0.064697
9246 1.031982 0.001465 -0.055664
9258 1.041260 0.002686 -0.062744
9270 1.038330 -0.000244 -0.070312
9281 1.035400 -0.001221 -0.065186
9293 1.037598 0.005859 -0.054199
9305 1.045166 0.005127 -0.065186
9317 1.033691 0.000977 -0.070068
9329 1.026855 -0.001953 -0.061035
9341 1.032471 0.004395 -0.065918
9352 1.038330 0.001709 -0.065918
9364 1.033203 0.005859 -0.060303
9376 1.042725 -0.000244 -0.070801
9388 1.032715 0.003906 -0.064697
9400 1.040771 0.001709 -0.063477
9412 1.041016 -0.002441 -0.053711
9423 1.032715 -0.001709 -0.066895
9435 1.037109 0.003418 -0.069336
9447 1.036377 0.003418 -0.066162
9459 1.039062 -0.004639 -0.057129
9471 1.034180 -0.005615 -0.063721
9482 1.037842 0.001953 -0.066162
9494 1.038086 -0.003662 -0.063232
9506 1.035889 -0.000488 -0.066650
9518 1.033691 -0.000244 -0.064697
9530 1.040039 0.011475 -0.052734
9542 1.033447 0.000488 -0.059082
9553 1.033447 0.001221 -0.069336
9565 1.035400 -0.000977 -0.061279
9577 1.037109 0.001953 -0.062988
9589 1.035156 -0.002197 -0.062500
9601 1.027832 -0.006348 -0.063721
9613 1.038086 0.004883 -0.071289
9624 1.033447 -0.002197 -0.064697
9636 1.036133 0.002197 -0.062988
9648 1.031982 0.001221 -0.071777
9660 1.028809 0.004150 -0.064697
9672 1.035156 0.005615 -0.060059
9683 1.037598 -0.001465 -0.070068
9695 1.032227 -0.005615 -0.057129
9707 1.036377 0.004150 -0.060059
9719 1.037354 0.005371 -0.067139
9731 1.037598 0.002441 -0.063477
9743 1.043701 0.004150 -0.063232
9754 1.037598 0.004883 -0.059326
9766 1.042480 0.002441 -0.059326
9778 1.029541 -0.001709 -0.058594
9790 1.026855 0.001953 -0.066406
9802 1.038330 0.008301 -0.075439
9814 1.045898 0.003174 -0.140625
9825 1.029785 -0.015869 -0.027832
9837 1.030029 -0.004395 -0.061768
9849 1.036865 0.002441 -0.063721
9861 1.036377 -0.000732 -0.063477
9873 1.035889 0.000732 -0.063965
9885 1.026855 0.003174 -0.059082
9896 1.038330 0.011719 -0.075195
9908 1.035889 0.005615 -0.064697
9920 1.029053 -0.001221 -0.067139
9932 1.036865 0.001221 -0.074707
9944 1.034424 -0.000732 -0.060059
9956 1.029053 -0.001221 -0.063965
9967 1.043701 0.005859 -0.062988
9979 1.037109 0.005127 -0.064453
9991 1.042236 0.003418 -0.072266
10003 1.034668 -0.000732 -0.047852
10015 1.040039 0.005859 -0.069092
10027 1.039307 -0.002197 -0.058594
10038 1.033691 -0.002930 -0.063965
10050 1.030273 -0.000244 -0.064209
10062 1.037109 0.001465 -0.056641
10074 1.039062 0.000977 -0.073486
10086 1.037598 0.005859 -0.062500
10097 1.039307 -0.000977 -0.068115
10109 1.040527 -0.002686 -0.067383
10121 1.034668 0.005859 -0.062256
10133 1.039551 0.003662 -0.062744
10145 1.037354 0.010742 -0.071045
10157 1.035400 -0.000244 -0.068359
10168 1.040283 0.004395 -0.059814
10180 1.039795 0.011475 -0.069336
10192 1.029785 -0.001221 -0.056641
10204 1.038086 0.000732 -0.055420
10216 1.032959 0.000977 -0.070557
10228 1.038330 0.005859 -0.056641
10239 1.034180 -0.002441 -0.060791
10251 1.036133 0.007568 -0.057617
10263 1.044189 -0.001221 -0.066895
10275 1.040771 0.000244 -0.058838
10287 1.038574 0.002686 -0.065430
10299 1.036133 0.004639 -0.072266
10310 1.032471 0.008789 -0.055176
10322 1.034912 0.006836 -0.063477
10334 1.037354 0.000732 -0.058838
10346 1.032959 -0.001953 -0.066162
10358 1.040527 0.006836 -0.057373
10370 1.035400 -0.003174 -0.064697
10381 1.031738 0.004150 -0.060791
10393 1.028809 0.003174 -0.058594
10405 1.035645 0.004639 -0.053955
10417 1.039307 0.005615 -0.053711
10429 1.037354 0.000977 -0.063232
10441 1.033203 -0.001465 -0.061279
10452 1.039307 0.009521 -0.072754
10464 1.030518 -0.003174 -0.051025
10476 1.033936 0.000732 -0.063477
10488 1.037109 0.001221 -0.064209
10500 1.030518 0.003418 -0.065430
10511 1.037598 0.000732 -0.060547
10523 1.032471 0.000732 -0.060059
10535 1.034912 0.000244 -0.072754
10547 1.035645 0.008301 -0.064697
10559 1.037354 0.014404 -0.060547
10571 1.037354 0.001465 -0.065430
10582 1.038574 0.004639 -0.066895
10594 1.032959 -0.002441 -0.065674
10606 1.039062 -0.000244 -0.058105
10618 1.039551 0.002197 -0.071289
10630 1.037354 -0.002197 -0.063477
10642 1.046875 0.002197 -0.067627
10653 1.035645 0.002686 -0.062012
10665 1.036133 0.001465 -0.052734
10677 1.036133 0.000488 -0.067383
10689 1.039062 0.000732 -0.063721
10701 1.034912 0.001953 -0.059814
10713 1.031006 -0.004150 -0.059082
10724 1.038574 0.000732 -0.062012
10736 1.038330 0.002197 -0.066895
10748 1.038818 -0.006104 -0.074463
10760 1.027100 -0.002441 -0.062744
10772 1.034424 0.000244 -0.068604
10783 1.027100 0.001221 -0.054932
10795 1.032715 -0.003418 -0.061523
10807 1.036865 0.001221 -0.056152
10819 1.037109 0.001465 -0.061279
10831 1.037354 0.002930 -0.063721
10843 1.038086 0.000732 -0.062012
10854 1.038818 0.007324 -0.054932
10866 1.030518 0.000732 -0.062500
10878 1.036133 -0.001221 -0.067139
10890 1.037842 0.009766 -0.065918
10902 1.031494 0.003662 -0.070557
10914 1.046143 0.003906 -0.064941
10925 1.036377 0.008789 -0.065186
10937 1.033203 -0.000732 -0.062500
10949 1.035400 0.000488 -0.057129
10961 1.034180 0.004395 -0.052490
10973 1.040039 0.004150 -0.070068
10985 1.043701 -0.001953 -0.067139
10996 1.037354 0.004395 -0.061768
11008 1.030518 0.001709 -0.062744
11020 1.038574 0.002197 -0.075928
11032 1.033936 0.000732 -0.050049
11044 1.033203 0.000732 -0.063721
11056 1.033936 0.000977 -0.073486
11067 1.035400 0.003418 -0.059082
11079 1.035645 0.002441 -0.065918
11091 1.039795 0.007568 -0.068604
11103 1.032227 0.001953 -0.060059
11115 1.033936 -0.000977 -0.074463
11126 1.036865 0.004395 -0.060059
11138 1.035400 0.007812 -0.051514
11150 1.038330 0.005127 -0.065430
11162 1.031982 -0.001465 -0.060303
11174 1.026855 0.005615 -0.065918
11186 1.037354 -0.000732 -0.064697
11197 1.032959 0.000732 -0.062256
11209 1.032227 -0.003418 -0.062988
11221 1.034912 -0.000732 -0.066162
11233 1.040527 0.000977 -0.054688
11245 1.039551 -0.001953 -0.064697
11257 1.025635 0.000244 -0.070312
11268 1.033447 0.003906 -0.066895
11280 1.034668 0.002197 -0.071289
11292 1.040527 0.007080 -0.058594
11304 1.036865 -0.001465 -0.064697
11316 1.033691 0.002197 -0.065430
11327 1.035400 0.002441 -0.064697
11339 1.034668 0.006348 -0.060791
11351 1.033447 0.003906 -0.067871
11363 1.036133 0.003418 -0.051025
11375 1.038574 0.004639 -0.062012
11387 1.032471 0.003662 -0.061279
11398 1.039551 0.006592 -0.064453
11410 1.037598 0.004883 -0.058350
11422 1.037354 0.002930 -0.071777
11434 1.036865 0.003906 -0.065186
11446 1.036133 0.001221 -0.055908
11458 1.036621 0.007812 -0.064697
11469 1.036865 -0.001953 -0.058838
11481 1.032227 0.000244 -0.059570
11493 1.031494 -0.001953 -0.066162
11505 1.035400 0.002686 -0.057373
11517 1.042725 0.005615 -0.062500
11529 1.037842 -0.000488 -0.070312
11540 1.035400 0.000000 -0.065430
11552 1.035645 0.000244 -0.067871
11564 1.041260 -0.002930 -0.055664
11576 1.031006 0.002441 -0.061523
11588 1.040527 0.004639 -0.055420
11600 1.032959 0.001221 -0.070068
11611 1.030029 0.003418 -0.067139
11623 1.027100 0.007568 -0.059082
11635 1.032959 -0.000977 -0.062012
11647 1.036621 -0.000244 -0.063232
11659 1.035156 0.001953 -0.062012
11671 1.035156 0.001221 -0.058594
11682 1.037598 0.006348 -0.057373
11694 1.036133 -0.000488 -0.067627
11706 1.033691 0.003174 -0.067871
11718 1.036865 0.000000 -0.061768
11730 1.031982 0.006348 -0.056641
11742 1.032227 -0.001221 -0.056885
11753 1.039062 -0.004395 -0.059082
11765 1.037842 0.003906 -0.065186
11777 1.036377 0.002930 -0.057129
11789 1.038574 0.001465 -0.056885
11801 1.035645 0.002930 -0.068604
11812 1.031738 0.000977 -0.067139
11824 1.038574 0.001221 -0.071533
11836 1.040283 0.002686 -0.062012
11848 1.034668 0.002930 -0.058350
11860 1.041260 0.000732 -0.063477
11872 1.036621 0.000488 -0.055176
11883 1.038574 0.005127 -0.055176
11895 1.037354 0.002686 -0.059814
11907 1.033936 0.002441 -0.052490
11919 1.031250 0.004395 -0.069092
11931 1.046143 0.003906 -0.060303
11943 1.038086 -0.002197 -0.064209
11954 1.030518 0.006348 -0.061035
11966 1.038330 0.002441 -0.065674
11978 1.039307 0.001465 -0.074463
11990 1.035400 0.000732 -0.064209
12002 1.033203 -0.001709 -0.074463
12014 1.032471 0.005859 -0.062744
12025 1.038330 -0.000732 -0.064209
12037 1.038330 0.003174 -0.062256
12049 1.040527 0.000732 -0.059814
12061 1.040039 0.002686 -0.058838
12073 1.042236 0.009277 -0.060791
12084 1.032959 -0.000488 -0.055176
12096 1.041260 0.003418 -0.064697
12108 1.041992 0.000244 -0.060059
12120 1.033203 0.004639 -0.052734
12132 1.037598 0.002197 -0.063965
12144 1.030273 0.009033 -0.054199
12155 1.038818 0.000732 -0.079834
12167 1.028564 0.000977 -0.059082
12179 1.030273 0.000488 -0.073486
12191 1.034912 0.004639 -0.057861
12203 1.037842 -0.000732 -0.067383
12215 1.031250 0.002197 -0.064941
12226 1.034668 -0.001465 -0.062988
12238 1.036377 0.001953 -0.063965
12250 1.040771 0.002441 -0.061035
12262 1.035645 0.004395 -0.058594
12274 1.035156 -0.001221 -0.069092
12286 1.031494 0.002197 -0.060547
12297 1.037598 0.005127 -0.059326
12309 1.036377 0.000244 -0.062012
12321 1.035889 0.000488 -0.052490
12333 1.036621 0.008301 -0.056885
12345 1.041992 0.001221 -0.061279
12357 1.036133 0.003418 -0.068848
12368 1.035156 0.001465 -0.067627
12380 1.041260 0.001221 -0.064453
12392 1.034180 -0.002441 -0.073242
12404 1.037354 0.000977 -0.068115
12416 1.037109 0.006104 -0.055664
12427 1.040527 0.006592 -0.062744
12439 1.040039 0.001221 -0.052979
12451 1.032227 0.003662 -0.066895
12463 1.035889 0.004883 -0.063965
12475 1.038330 0.004150 -0.059570
12487 1.040771 0.004639 -0.059570
12498 1.034180 0.003662 -0.065430
12510 1.032471 0.005371 -0.059082
12522 1.038086 -0.002197 -0.069092
12534 1.041016 -0.001221 -0.062500
12546 1.028564 0.000000 -0.065674
12558 1.035400 0.002930 -0.060791
12569 1.039795 0.002441 -0.065430
12581 1.032715 -0.000488 -0.057373
12593 1.042480 0.009277 -0.067871
12605 1.033936 -0.005127 -0.064697
12617 1.034668 -0.000488 -0.064209
12629 1.041016 0.005859 -0.068359
12640 1.039795 0.004639 -0.066650
12652 1.035889 -0.005127 -0.065674
12664 1.039551 0.001709 -0.052002
12676 1.029541 0.000977 -0.068115
12688 1.036133 0.005371 -0.058350
12700 1.037109 -0.001953 -0.060303
12711 1.036133 0.004639 -0.061523
12723 1.034912 0.006836 -0.063721
12735 1.039551 0.002197 -0.061768
12747 1.035156 -0.003662 -0.059082
12759 1.037598 0.006836 -0.062988
12771 1.035645 0.000488 -0.061035
12782 1.039062 -0.000977 -0.066650
12794 1.033936 -0.000244 -0.066895
12806 1.038574 -0.001709 -0.071777
12818 1.031982 0.006592 -0.065186
12830 1.029541 0.002686 -0.063721
12841 1.041260 0.002441 -0.065186
12853 1.031738 -0.000732 -0.068115
12865 1.032959 0.003662 -0.056396
12877 1.039062 0.005127 -0.067871
12889 1.035400 0.002686 -0.064209