acc 2060 0.027344 0.004639 0.975342
gyro 2060 0.396947 1.007634 -4.305344
acc 2072 0.034668 0.007324 0.969482
gyro 2072 0.458015 0.656489 -4.625954
acc 2083 0.029053 0.004639 0.968750
gyro 2083 0.381679 0.885496 -4.488550
acc 2095 0.033203 -0.002441 0.973389
gyro 2095 0.290076 0.656489 -4.503817
acc 2107 0.039062 0.004883 0.964355
gyro 2107 0.396947 0.900763 -4.595420
acc 2118 0.037598 -0.004639 0.971191
gyro 2118 0.366412 0.900763 -4.335878
acc 2130 0.032715 0.000244 0.972656
gyro 2130 0.290076 0.793893 -4.396946
acc 2142 0.036621 0.003906 0.971924
gyro 2142 0.335878 0.961832 -4.641222
acc 2153 0.024902 0.001953 0.972900
gyro 2153 0.290076 1.221374 -4.381680
acc 2165 0.037598 0.002686 0.968994
gyro 2165 0.488550 1.343511 -4.503817
acc 2177 0.027100 0.005615 0.967285
gyro 2177 0.335878 1.603053 -4.732824
acc 2189 0.039062 0.005371 0.981201
gyro 2189 0.091603 1.480916 -4.656488
acc 2200 0.023438 0.003906 0.973145
gyro 2200 0.167939 1.679389 -4.534351
acc 2212 0.035156 0.005371 0.971680
gyro 2212 0.412214 1.969466 -4.442748
acc 2224 0.030029 0.003662 0.971680
gyro 2224 0.396947 1.786260 -4.458015
acc 2235 0.033447 -0.000977 0.964600
gyro 2235 0.335878 1.343511 -4.458015
acc 2247 0.028320 0.006348 0.978271
gyro 2247 0.488550 0.931298 -4.366412
acc 2259 0.028076 0.006348 0.973145
gyro 2259 0.549618 0.656489 -4.458015
acc 2271 0.025879 0.010254 0.962891
gyro 2271 0.381679 1.099237 -4.564886
acc 2282 0.031006 0.000000 0.973877
gyro 2282 0.305344 1.053435 -4.488550
acc 2294 0.032471 0.002930 0.965088
gyro 2294 0.534351 1.160305 -4.656488
acc 2306 0.028809 0.007080 0.976807
gyro 2306 0.290076 1.389313 -4.702290
acc 2318 0.033691 0.003174 0.974854
gyro 2318 0.335878 1.664122 -4.488550
acc 2329 0.030518 0.003906 0.959717
gyro 2329 0.320611 1.664122 -4.458015
acc 2341 0.025391 0.004150 0.974121
gyro 2341 0.335878 1.007634 -4.549618
acc 2353 0.034180 -0.000488 0.968750
gyro 2353 0.412214 0.992366 -4.610687
acc 2364 0.036621 0.003174 0.973633
gyro 2364 0.625954 1.190840 -4.534351
acc 2376 0.038330 0.000000 0.973633
gyro 2376 0.396947 1.114504 -4.366412
acc 2388 0.038818 0.007080 0.969482
gyro 2388 0.564885 1.099237 -4.396946
acc 2400 0.036377 0.006104 0.971924
gyro 2400 0.488550 0.961832 -4.244275
acc 2411 0.029053 0.000732 0.973633
gyro 2411 0.259542 0.961832 -4.503817
acc 2423 0.033936 0.001221 0.967773
gyro 2423 0.274809 0.977099 -4.351145
acc 2435 0.033691 0.003418 0.974365
gyro 2435 0.458015 0.870229 -4.488550
acc 2447 0.037598 0.002441 0.969971
gyro 2447 0.183206 1.251908 -4.610687
acc 2458 0.026123 0.002197 0.971680
gyro 2458 0.351145 1.053435 -4.564886
acc 2470 0.032227 0.002686 0.972412
gyro 2470 0.305344 1.236641 -4.396946
acc 2482 0.036621 0.001709 0.974121
gyro 2482 0.473282 0.793893 -4.274809
acc 2493 0.030273 0.004883 0.956543
gyro 2493 0.244275 1.129771 -4.259542
acc 2505 0.037842 0.005371 0.971924
gyro 2505 0.381679 0.977099 -4.213740
acc 2517 0.039551 0.002197 0.971924
gyro 2517 0.503817 1.175573 -4.274809
acc 2529 0.031250 0.000244 0.967285
gyro 2529 0.351145 1.160305 -4.702290
acc 2540 0.031494 0.001465 0.967529
gyro 2540 0.290076 1.190840 -4.641222
acc 2552 0.036621 0.005127 0.969238
gyro 2552 0.351145 1.022901 -4.458015
acc 2564 0.035889 -0.002930 0.968018
gyro 2564 0.183206 0.992366 -4.396946
acc 2576 0.028320 0.004883 0.969238
gyro 2576 0.274809 1.297710 -4.412214
acc 2587 0.033691 0.001709 0.973389
gyro 2587 0.381679 1.358779 -4.412214
acc 2599 0.030029 0.005371 0.963623
gyro 2599 0.381679 1.480916 -4.473282
acc 2611 0.034912 0.005615 0.972656
gyro 2611 0.381679 1.618321 -4.519084
acc 2622 0.032959 0.000977 0.968018
gyro 2622 0.473282 1.633588 -4.473282
acc 2634 0.032471 0.001465 0.977783
gyro 2634 0.229008 1.725191 -4.305344
acc 2646 0.033691 0.002197 0.971436
gyro 2646 0.351145 1.770992 -4.687023
acc 2658 0.031982 0.000977 0.967041
gyro 2658 0.473282 1.557252 -4.702290
acc 2669 0.035156 0.005371 0.964355
gyro 2669 0.427481 1.526718 -4.366412
acc 2681 0.031738 0.006836 0.969727
gyro 2681 0.213740 1.435115 -4.473282
acc 2693 0.029053 0.002197 0.970459
gyro 2693 0.351145 1.083969 -4.549618
acc 2705 0.031494 0.006348 0.970215
gyro 2705 0.473282 1.221374 -4.458015
acc 2716 0.030029 0.007080 0.968018
gyro 2716 0.503817 1.068702 -4.687023
acc 2728 0.032227 0.003418 0.971924
gyro 2728 0.412214 1.190840 -4.335878
acc 2740 0.033691 -0.006592 0.970703
gyro 2740 0.427481 1.190840 -4.503817
acc 2751 0.031494 0.002930 0.972900
gyro 2751 0.519084 1.114504 -4.366412
acc 2763 0.032715 0.006592 0.978271
gyro 2763 0.442748 0.946565 -4.534351
acc 2775 0.029297 -0.000244 0.972900
gyro 2775 0.381679 1.129771 -4.488550
acc 2787 0.035156 -0.000244 0.963623
gyro 2787 0.351145 1.068702 -4.564886
acc 2798 0.033447 0.007080 0.970215
gyro 2798 0.458015 0.839695 -4.381680
acc 2810 0.033691 0.005127 0.971680
gyro 2810 0.259542 0.931298 -4.290076
acc 2822 0.029785 0.000977 0.979248
gyro 2822 0.335878 0.778626 -4.488550
acc 2834 0.035400 0.000977 0.970459
gyro 2834 0.229008 1.282443 -4.396946
acc 2845 0.034180 0.000732 0.981201
gyro 2845 0.488550 1.312977 -4.473282
acc 2857 0.028564 0.000244 0.963379
gyro 2857 0.412214 1.419847 -4.595420
acc 2869 0.035889 -0.000732 0.968750
gyro 2869 0.335878 1.480916 -4.290076
acc 2880 0.035645 0.002197 0.970947
gyro 2880 0.137405 1.557252 -4.687023
acc 2892 0.032227 0.002441 0.968994
gyro 2892 0.351145 1.358779 -4.442748
acc 2904 0.028809 0.002686 0.971924
gyro 2904 0.320611 1.648855 -4.671756
acc 2916 0.032959 -0.003418 0.974365
gyro 2916 0.366412 1.557252 -4.412214
acc 2927 0.028809 0.002197 0.970703
gyro 2927 0.503817 1.541985 -4.366412
acc 2939 0.030518 0.002441 0.967041
gyro 2939 0.458015 1.160305 -4.427481
acc 2951 0.031494 0.003174 0.972412
gyro 2951 0.335878 1.221374 -4.305344
acc 2962 0.028076 0.010986 0.965820
gyro 2962 0.442748 1.175573 -4.458015
acc 2974 0.033691 0.006104 0.982422
gyro 2974 0.412214 1.083969 -4.519084
acc 2986 0.026367 0.001709 0.969482
gyro 2986 0.427481 1.007634 -4.473282
acc 2998 0.028564 0.002686 0.975342
gyro 2998 0.366412 1.221374 -4.473282
acc 3009 0.025146 0.002197 0.963135
gyro 3009 0.503817 1.190840 -4.671756
acc 3021 0.031250 0.001221 0.969727
gyro 3021 0.366412 1.022901 -4.274809
acc 3033 0.034424 0.000000 0.969482
gyro 3033 0.503817 1.129771 -4.503817
acc 3045 0.033447 0.000488 0.960693
gyro 3045 0.396947 1.068702 -4.488550
acc 3056 0.037109 0.000977 0.976807
gyro 3056 0.488550 1.236641 -4.335878
acc 3068 0.025146 0.000244 0.976074
gyro 3068 0.396947 1.221374 -4.335878
acc 3080 0.040527 0.003174 0.966553
gyro 3080 0.473282 1.206107 -4.412214
acc 3091 0.031982 0.004639 0.969238
gyro 3091 0.259542 1.328244 -4.595420
acc 3103 0.032715 0.004150 0.977051
gyro 3103 0.290076 1.419847 -4.381680
acc 3115 0.030273 0.000244 0.971436
gyro 3115 0.351145 1.496183 -4.473282
acc 3127 0.033691 0.000244 0.969482
gyro 3127 0.580153 1.404580 -4.473282
acc 3138 0.033203 0.000244 0.974609
gyro 3138 0.320611 1.587786 -4.488550
acc 3150 0.030762 -0.002686 0.970459
gyro 3150 0.335878 1.557252 -4.198473
acc 3162 0.028564 0.004150 0.963379
gyro 3162 0.488550 1.282443 -4.473282
acc 3174 0.031006 0.000488 0.968506
gyro 3174 0.473282 1.496183 -4.519084
acc 3185 0.035400 0.003174 0.974121
gyro 3185 0.320611 1.297710 -4.427481
acc 3197 0.029785 0.002441 0.972656
gyro 3197 0.412214 1.374046 -4.687023
acc 3209 0.036621 -0.000244 0.971436
gyro 3209 0.534351 1.328244 -4.335878
acc 3221 0.034912 0.003174 0.971680
gyro 3221 0.396947 1.068702 -4.519084
acc 3232 0.032227 0.000488 0.969727
gyro 3232 0.366412 1.251908 -4.656488
acc 3244 0.025146 0.001953 0.974121
gyro 3244 0.442748 1.267176 -4.580153
acc 3256 0.032227 0.000732 0.980225
gyro 3256 0.366412 1.251908 -4.549618
acc 3267 0.036377 0.002930 0.958740
gyro 3267 0.320611 1.450382 -4.473282
acc 3279 0.029053 0.003174 0.975098
gyro 3279 0.335878 1.633588 -4.335878
acc 3291 0.028320 -0.000488 0.977783
gyro 3291 0.259542 1.221374 -4.381680
acc 3303 0.036865 0.005371 0.974854
gyro 3303 0.427481 1.267176 -4.519084
acc 3314 0.028809 0.005371 0.968506
gyro 3314 0.229008 1.480916 -4.488550
acc 3326 0.036133 0.008301 0.974854
gyro 3326 0.427481 1.496183 -4.793893
acc 3338 0.035156 -0.000977 0.967529
gyro 3338 0.427481 1.557252 -4.458015
acc 3350 0.027100 0.002441 0.971436
gyro 3350 0.351145 1.587786 -4.305344
acc 3361 0.039062 0.006348 0.972412
gyro 3361 0.335878 1.480916 -4.610687
acc 3373 0.031006 0.002441 0.969727
gyro 3373 0.152672 1.496183 -4.503817
acc 3385 0.031982 0.005859 0.971680
gyro 3385 0.519084 1.480916 -4.396946
acc 3396 0.036133 0.001953 0.973877
gyro 3396 0.656489 1.282443 -4.564886
acc 3408 0.031738 0.005615 0.971680
gyro 3408 0.351145 1.267176 -4.610687
acc 3420 0.031982 0.007324 0.969727
gyro 3420 0.351145 0.992366 -4.305344
acc 3432 0.031006 0.001465 0.986816
gyro 3432 0.503817 1.114504 -4.610687
acc 3443 0.029785 -0.003174 0.974121
gyro 3443 0.610687 1.114504 -4.534351
acc 3455 0.033936 0.001953 0.979004
gyro 3455 0.442748 1.267176 -4.396946
acc 3467 0.029785 -0.000977 0.963135
gyro 3467 0.320611 1.022901 -4.458015
acc 3479 0.025635 0.000488 0.970459
gyro 3479 0.488550 0.916031 -4.396946
acc 3490 0.037842 0.003906 0.979492
gyro 3490 0.305344 1.038168 -4.412214
acc 3502 0.038086 0.002197 0.970947
gyro 3502 0.244275 0.931298 -4.381680
acc 3514 0.032227 -0.001465 0.973633
gyro 3514 0.458015 0.992366 -4.396946
acc 3525 0.037109 0.004395 0.976562
gyro 3525 0.458015 0.977099 -4.641222
acc 3537 0.035400 -0.000977 0.977295
gyro 3537 0.290076 1.374046 -4.442748
acc 3549 0.035400 -0.001709 0.986328
gyro 3549 0.381679 1.328244 -4.549618
acc 3561 0.032959 -0.000732 0.968750
gyro 3561 0.412214 1.358779 -4.396946
acc 3572 0.029297 0.005127 0.968262
gyro 3572 0.412214 1.221374 -4.351145
acc 3584 0.036865 0.004395 0.969238
gyro 3584 0.366412 1.404580 -4.351145
acc 3596 0.031738 0.000244 0.974365
gyro 3596 0.427481 1.297710 -4.427481
acc 3608 0.029785 -0.003418 0.966553
gyro 3608 0.412214 1.099237 -4.717557
acc 3619 0.038086 0.003906 0.973389
gyro 3619 0.259542 1.206107 -4.366412
acc 3631 0.032471 -0.000732 0.964111
gyro 3631 0.519084 1.221374 -4.396946
acc 3643 0.032715 0.006836 0.975586
gyro 3643 0.320611 1.267176 -4.580153
acc 3654 0.034668 0.010498 0.972168
gyro 3654 0.427481 1.251908 -4.427481
acc 3666 0.026611 0.004395 0.968262
gyro 3666 0.351145 1.251908 -4.564886
acc 3678 0.029541 0.006836 0.969482
gyro 3678 0.534351 1.099237 -4.458015
acc 3690 0.031006 -0.001953 0.968262
gyro 3690 0.473282 1.328244 -4.366412
acc 3701 0.037842 0.000977 0.976807
gyro 3701 0.458015 1.328244 -4.549618
acc 3713 0.030029 0.000732 0.964111
gyro 3713 0.473282 1.435115 -4.503817
acc 3725 0.033203 0.000732 0.974854
gyro 3725 0.427481 1.160305 -4.580153
acc 3737 0.031494 0.001953 0.970215
gyro 3737 0.534351 1.374046 -4.488550
acc 3748 0.032959 0.004395 0.975586
gyro 3748 0.290076 1.236641 -4.274809
acc 3760 0.034912 0.002441 0.971191
gyro 3760 0.473282 1.160305 -4.534351
acc 3772 0.033691 0.000000 0.975586
gyro 3772 0.381679 1.114504 -4.458015
acc 3784 0.039062 0.008545 0.974365
gyro 3784 0.213740 1.389313 -4.412214
acc 3795 0.033447 0.003662 0.978271
gyro 3795 0.458015 1.114504 -4.824428
acc 3807 0.027588 0.000977 0.969727
gyro 3807 0.351145 1.221374 -4.534351
acc 3819 0.035645 0.006348 0.976807
gyro 3819 0.610687 1.114504 -4.335878
acc 3830 0.034668 0.003174 0.963623
gyro 3830 0.458015 1.129771 -4.427481
acc 3842 0.036133 0.000000 0.973633
gyro 3842 0.106870 1.175573 -4.488550
acc 3854 0.031982 0.007080 0.977051
gyro 3854 0.396947 0.916031 -4.244275
acc 3866 0.030273 0.005127 0.959961
gyro 3866 0.458015 1.206107 -4.366412
acc 3877 0.038574 0.001465 0.976074
gyro 3877 0.458015 1.480916 -4.549618
acc 3889 0.032715 0.005371 0.972900
gyro 3889 0.488550 1.358779 -4.290076
acc 3901 0.032227 0.010010 0.972656
gyro 3901 0.290076 1.099237 -4.412214
acc 3913 0.034424 0.005615 0.967529
gyro 3913 0.351145 1.404580 -4.549618
acc 3924 0.031006 0.001465 0.977783
gyro 3924 0.091603 1.404580 -4.687023
acc 3936 0.031982 0.000244 0.977783
gyro 3936 0.381679 1.114504 -4.549618
acc 3948 0.030518 0.001465 0.967041
gyro 3948 0.381679 1.312977 -4.412214
acc 3959 0.035156 0.000000 0.966309
gyro 3959 0.412214 1.496183 -4.656488
acc 3971 0.031982 0.002686 0.967285
gyro 3971 0.534351 1.312977 -4.503817
acc 3983 0.028809 0.007568 0.967773
gyro 3983 0.183206 1.206107 -4.351145
acc 3995 0.031006 0.003906 0.977539
gyro 3995 0.320611 1.297710 -4.580153
acc 4006 0.030762 0.001953 0.962402
gyro 4006 0.396947 1.236641 -4.473282
acc 4018 0.031982 0.004150 0.984863
gyro 4018 0.488550 1.389313 -4.335878
acc 4030 0.030762 0.000977 0.973145
gyro 4030 0.427481 1.343511 -4.625954
acc 4042 0.029541 0.007568 0.974609
gyro 4042 0.488550 1.389313 -4.610687
acc 4053 0.029297 0.001953 0.967041
gyro 4053 0.503817 1.343511 -4.427481
acc 4065 0.029053 0.002441 0.967041
gyro 4065 0.290076 1.236641 -4.274809
acc 4077 0.032715 0.005371 0.973389
gyro 4077 0.519084 1.282443 -4.396946
acc 4088 0.038574 -0.001465 0.968262
gyro 4088 0.351145 1.358779 -4.335878
acc 4100 0.033447 0.003418 0.968018
gyro 4100 0.290076 1.312977 -4.488550
acc 4112 0.028564 0.000244 0.967285
gyro 4112 0.534351 1.206107 -4.610687
acc 4124 0.032715 0.004883 0.977295
gyro 4124 0.366412 1.312977 -4.366412
acc 4135 0.027588 -0.004639 0.972900
gyro 4135 0.290076 1.083969 -4.381680
acc 4147 0.029541 0.001953 0.970215
gyro 4147 0.595420 1.358779 -4.335878
acc 4159 0.036621 -0.000977 0.967529
gyro 4159 0.564885 1.236641 -4.732824
acc 4171 0.031006 0.002197 0.981934
gyro 4171 0.534351 1.343511 -4.427481
acc 4182 0.025635 0.005371 0.961914
gyro 4182 0.396947 1.251908 -4.656488
acc 4194 0.034424 -0.001709 0.967285
gyro 4194 0.259542 1.603053 -4.503817
acc 4206 0.041992 0.003418 0.968994
gyro 4206 0.290076 1.251908 -4.488550
acc 4217 0.031494 0.004150 0.974121
gyro 4217 0.381679 1.374046 -4.427481
acc 4229 0.029053 0.006348 0.974121
gyro 4229 0.427481 1.419847 -4.473282
acc 4241 0.034424 0.009033 0.978027
gyro 4241 0.488550 1.267176 -4.625954
acc 4253 0.041016 0.005859 0.976807
gyro 4253 0.366412 0.992366 -4.412214
acc 4264 0.035156 0.006592 0.966797
gyro 4264 0.335878 1.221374 -4.564886
acc 4276 0.032471 0.001953 0.970703
gyro 4276 0.351145 0.992366 -4.595420
acc 4288 0.034668 0.000488 0.964355
gyro 4288 0.549618 1.175573 -4.335878
acc 4300 0.036621 0.000732 0.970703
gyro 4300 0.351145 0.961832 -4.671756
acc 4311 0.032471 0.000488 0.962402
gyro 4311 0.412214 1.190840 -4.381680
acc 4323 0.029053 0.005371 0.972900
gyro 4323 0.366412 0.870229 -4.396946
acc 4335 0.032471 0.004883 0.975098
gyro 4335 0.381679 0.961832 -4.351145
acc 4346 0.035645 0.005371 0.977051
gyro 4346 0.366412 1.129771 -4.442748
acc 4358 0.035400 0.000244 0.968018
gyro 4358 0.320611 1.328244 -4.595420
acc 4370 0.030518 0.007568 0.966309
gyro 4370 0.244275 1.389313 -4.580153
acc 4382 0.031494 -0.001221 0.975098
gyro 4382 0.137405 1.450382 -4.473282
acc 4393 0.041016 0.003418 0.973877
gyro 4393 0.366412 1.480916 -4.549618
acc 4405 0.033447 0.008545 0.977051
gyro 4405 0.427481 1.374046 -4.458015
acc 4417 0.039062 0.005859 0.968506
gyro 4417 0.366412 1.404580 -4.366412
acc 4428 0.029053 -0.000732 0.969482
gyro 4428 0.503817 1.358779 -4.503817
acc 4440 0.034668 0.005127 0.964844
gyro 4440 0.610687 1.190840 -4.274809
acc 4452 0.035645 0.007324 0.984375
gyro 4452 0.564885 1.053435 -4.381680
acc 4464 0.034180 0.002686 0.968750
gyro 4464 0.320611 1.526718 -4.335878
acc 4475 0.034424 0.007568 0.977051
gyro 4475 0.610687 1.389313 -4.259542
acc 4487 0.031494 0.005127 0.977295
gyro 4487 0.442748 1.419847 -4.549618
acc 4499 0.035645 0.005615 0.973145
gyro 4499 0.320611 1.374046 -4.320611
acc 4511 0.032471 -0.001221 0.965576
gyro 4511 0.351145 1.312977 -4.442748
acc 4522 0.033203 0.002441 0.969727
gyro 4522 0.442748 1.175573 -4.381680
acc 4534 0.033936 -0.004150 0.970703
gyro 4534 0.427481 1.404580 -4.381680
acc 4546 0.031738 0.006104 0.971191
gyro 4546 0.427481 1.328244 -4.473282
acc 4557 0.037109 0.008545 0.962402
gyro 4557 0.534351 1.145038 -4.595420
acc 4569 0.028320 0.002441 0.975586
gyro 4569 0.351145 1.251908 -4.488550
acc 4581 0.033447 -0.002441 0.965576
gyro 4581 0.351145 1.374046 -4.412214
acc 4593 0.034180 0.004150 0.974609
gyro 4593 0.503817 1.633588 -4.473282
acc 4604 0.031982 0.000244 0.972900
gyro 4604 0.641221 1.374046 -4.519084
acc 4616 0.032715 0.008057 0.964844
gyro 4616 0.427481 1.236641 -4.488550
acc 4628 0.034912 0.000000 0.964600
gyro 4628 0.305344 1.114504 -4.534351
acc 4640 0.032715 0.000732 0.970703
gyro 4640 0.488550 1.221374 -4.458015
acc 4651 0.036377 0.003174 0.970703
gyro 4651 0.473282 1.572519 -4.595420
acc 4663 0.029297 -0.001953 0.976562
gyro 4663 0.458015 2.000000 -4.366412
acc 4675 0.033447 -0.000488 0.968018
gyro 4675 0.687023 2.000000 -4.259542
acc 4686 0.035156 0.000000 0.970459
gyro 4686 0.412214 2.259542 -4.305344
acc 4698 0.031006 -0.004883 0.968750
gyro 4698 0.595420 2.366412 -4.458015
acc 4710 0.035889 0.009521 0.977051
gyro 4710 0.625954 2.152672 -4.549618
acc 4722 0.023926 -0.003418 0.962891
gyro 4722 0.580153 1.877863 -4.381680
acc 4733 0.033447 0.002197 0.968994
gyro 4733 0.732824 1.511450 -4.305344
acc 4745 0.033936 0.006104 0.980225
gyro 4745 0.748092 1.328244 -4.488550
acc 4757 0.044434 -0.002441 0.980225
gyro 4757 0.809160 1.114504 -4.534351
acc 4769 0.022949 0.000244 0.976807
gyro 4769 0.595420 1.267176 -4.519084
acc 4780 0.032959 0.010742 0.975342
gyro 4780 0.656489 1.679389 -4.473282
acc 4792 0.033447 -0.002686 0.967041
gyro 4792 0.778626 1.129771 -4.625954
acc 4804 0.032715 0.003418 0.955322
gyro 4804 0.778626 1.526718 -4.244275
acc 4815 0.036133 -0.000244 0.969482
gyro 4815 0.885496 1.587786 -4.152672
acc 4827 0.039062 0.004150 0.984375
gyro 4827 1.755725 1.740458 -4.076336
acc 4839 0.038330 -0.001953 0.964111
gyro 4839 1.618321 2.061069 -4.335878
acc 4851 0.033447 0.001953 0.968262
gyro 4851 2.473282 1.969466 -4.274809
acc 4862 0.029541 0.002930 0.975586
gyro 4862 3.740458 1.419847 -4.625954
acc 4874 0.035400 0.007812 0.969971
gyro 4874 4.290076 1.496183 -4.442748
acc 4886 0.058350 0.051514 0.914795
gyro 4886 3.755725 -0.641221 -4.137404
acc 4898 0.032227 0.004395 0.976562
gyro 4898 6.351145 1.572519 -4.503817
acc 4909 0.035156 -0.006104 0.979492
gyro 4909 8.870229 1.801527 -4.641222
acc 4921 0.045410 -0.007812 1.001709
gyro 4921 12.687023 2.900763 -4.335878
acc 4933 0.030518 0.014160 0.970215
gyro 4933 13.206107 3.007634 -4.198473
acc 4944 0.031250 0.013184 0.962402
gyro 4944 11.007633 2.931298 -4.122138
acc 4956 0.036133 0.019287 0.967529
gyro 4956 6.778626 2.458015 -4.122138
acc 4968 0.017090 0.026367 0.973389
gyro 4968 4.687023 2.305344 -0.977099
acc 4980 0.035156 0.005859 0.984863
gyro 4980 7.206107 1.511450 -0.763359
acc 4991 0.032471 0.008789 0.963379
gyro 4991 8.290076 1.450382 -3.190840
acc 5003 0.028320 0.020996 0.971680
gyro 5003 8.061069 1.496183 -4.274809
acc 5015 0.023682 0.027832 0.959717
gyro 5015 6.687023 0.961832 -4.656488
acc 5027 0.028076 0.033691 0.970703
gyro 5027 4.564886 0.732824 -4.625954
acc 5038 0.026123 0.030518 0.968750
gyro 5038 3.358779 0.534351 -4.519084
acc 5050 0.028320 0.027100 0.969482
gyro 5050 2.442748 0.793893 -4.351145
acc 5062 0.035400 0.025391 0.973389
gyro 5062 3.465649 1.282443 -4.396946
acc 5073 0.026123 0.021240 0.971436
gyro 5073 4.687023 1.404580 -4.396946
acc 5085 0.033691 0.028076 0.971191
gyro 5085 6.244275 1.603053 -4.351145
acc 5097 0.027588 0.022705 0.976074
gyro 5097 6.091603 1.740458 -4.213740
acc 5109 0.030029 0.036621 0.977295
gyro 5109 5.633588 1.847328 -4.244275
acc 5120 0.029541 0.037354 0.971680
gyro 5120 5.145038 1.786260 -4.396946
acc 5132 0.023926 0.032471 0.969482
gyro 5132 5.496183 1.511450 -4.488550
acc 5144 0.029541 0.036133 0.978516
gyro 5144 5.251908 1.664122 -4.320611
acc 5156 0.030762 0.034912 0.972168
gyro 5156 6.076336 1.358779 -4.656488
acc 5167 0.031250 0.034424 0.964355
gyro 5167 6.167939 1.358779 -4.625954
acc 5179 0.035645 0.034180 0.973389
gyro 5179 5.664122 1.389313 -4.320611
acc 5191 0.028564 0.042969 0.971436
gyro 5191 5.480916 1.343511 -3.969466
acc 5203 0.028564 0.039307 0.962646
gyro 5203 5.740458 1.358779 -2.152672
acc 5214 0.032227 0.033447 0.964600
gyro 5214 6.061069 1.664122 -3.175573
acc 5226 0.028564 0.042969 0.982178
gyro 5226 6.610687 1.755725 -2.748092
acc 5238 0.038086 0.042480 0.979004
gyro 5238 8.351145 1.740458 -2.885496
acc 5249 0.026611 0.038574 0.981689
gyro 5249 9.694656 1.938931 -2.793893
acc 5261 0.029541 0.046143 0.980713
gyro 5261 11.541985 1.969466 -3.389313
acc 5273 0.025879 0.047363 0.982910
gyro 5273 13.465649 2.244275 -3.282443
acc 5285 -0.012207 0.045410 0.961426
gyro 5285 13.022901 2.458015 4.473282
acc 5296 -0.008301 0.020996 0.976562
gyro 5296 14.473283 2.442748 9.129771
acc 5308 0.057861 0.049561 0.984619
gyro 5308 20.519083 2.732824 1.526718
acc 5320 0.028809 0.058838 0.973145
gyro 5320 24.152672 2.778626 -1.938931
acc 5332 0.027344 0.064697 0.956543
gyro 5332 23.145039 3.206107 -0.534351
acc 5343 -0.010498 0.059814 0.953369
gyro 5343 20.335878 3.786260 7.862596
acc 5355 0.001709 0.078125 0.962646
gyro 5355 16.137405 2.305344 16.763359
acc 5367 0.052979 0.081543 0.972412
gyro 5367 21.954199 3.129771 -2.534351
acc 5378 0.021240 0.086426 0.955078
gyro 5378 22.671755 2.580153 -3.801527
acc 5390 0.015625 0.083984 0.957520
gyro 5390 19.526718 2.916031 -1.969466
acc 5402 0.018311 0.087646 0.964844
gyro 5402 18.473282 2.778626 0.137405
acc 5414 0.057373 0.108154 0.975098
gyro 5414 19.175573 2.167939 3.740458
acc 5425 0.043945 0.109375 0.977539
gyro 5425 23.145039 2.656489 1.007634
acc 5437 0.029541 0.107178 0.982422
gyro 5437 26.977098 3.099237 -2.091603
acc 5449 0.020508 0.112061 0.963867
gyro 5449 27.648855 2.595420 -2.641221
acc 5461 0.027100 0.121094 0.959473
gyro 5461 26.488550 2.534351 -4.030534
acc 5472 0.022217 0.120605 0.964355
gyro 5472 25.206106 2.488550 -4.305344
acc 5484 0.024902 0.125488 0.957520
gyro 5484 23.786259 2.702290 -4.351145
acc 5496 0.024414 0.136963 0.950928
gyro 5496 22.595419 2.503817 -4.381680
acc 5507 0.026123 0.135986 0.966309
gyro 5507 21.832062 2.717557 -4.396946
acc 5519 0.022461 0.137695 0.964111
gyro 5519 22.396946 2.320611 -4.580153
acc 5531 0.020996 0.143799 0.964600
gyro 5531 22.748091 2.351145 -4.564886
acc 5543 0.030273 0.147949 0.954834
gyro 5543 21.816793 2.473282 -4.427481
acc 5554 0.024170 0.152588 0.951660
gyro 5554 21.328245 2.503817 -4.427481
acc 5566 0.023193 0.156250 0.945801
gyro 5566 20.503817 2.641221 -4.473282
acc 5578 0.017822 0.169189 0.948975
gyro 5578 18.885496 2.213740 -4.488550
acc 5590 0.028564 0.162354 0.957031
gyro 5590 17.832062 2.687023 -4.458015
acc 5601 0.025635 0.165527 0.957764
gyro 5601 18.061069 2.595420 -4.458015
acc 5613 0.020508 0.170898 0.965576
gyro 5613 19.328245 2.625954 -4.244275
acc 5625 0.022217 0.171143 0.964111
gyro 5625 20.366413 2.564885 -4.625954
acc 5636 0.025635 0.178955 0.960693
gyro 5636 22.091602 2.473282 -4.473282
acc 5648 0.025879 0.178955 0.957764
gyro 5648 22.335878 2.320611 -4.656488
acc 5660 0.017090 0.187256 0.963379
gyro 5660 21.801527 2.106870 -4.549618
acc 5672 0.018066 0.191650 0.934570
gyro 5672 19.740458 2.137405 -4.259542
acc 5683 0.024414 0.200439 0.952637
gyro 5683 18.839695 2.580153 -4.274809
acc 5695 0.019775 0.194824 0.964600
gyro 5695 19.068703 2.595420 -4.351145
acc 5707 0.020020 0.207031 0.965820
gyro 5707 20.519083 2.824427 -4.503817
acc 5718 0.015625 0.205078 0.951904
gyro 5718 21.083969 2.961832 -4.305344
acc 5730 0.023682 0.210693 0.947266
gyro 5730 20.931297 2.641221 -4.473282
acc 5742 0.011719 0.216797 0.940918
gyro 5742 20.366413 2.564885 -4.458015
acc 5754 0.017578 0.217773 0.946533
gyro 5754 18.793894 2.442748 -4.351145
acc 5765 0.019531 0.227051 0.941162
gyro 5765 18.213741 2.320611 -4.595420
acc 5777 0.017334 0.221436 0.944824
gyro 5777 17.358778 2.366412 -4.580153
acc 5789 0.020264 0.235840 0.941650
gyro 5789 15.496183 1.877863 -4.473282
acc 5801 0.018555 0.232666 0.941406
gyro 5801 14.213740 1.877863 -4.580153
acc 5812 0.008301 0.233398 0.947266
gyro 5812 14.396947 1.725191 -4.503817
acc 5824 0.012695 0.237793 0.946289
gyro 5824 14.534351 1.633588 -4.366412
acc 5836 0.017334 0.240967 0.933838
gyro 5836 14.458015 2.000000 -4.503817
acc 5847 0.016113 0.246094 0.938477
gyro 5847 13.022901 1.893130 -4.473282
acc 5859 0.018799 0.246582 0.948486
gyro 5859 12.610687 1.969466 -4.458015
acc 5871 0.016602 0.242188 0.947998
gyro 5871 12.717557 2.000000 -4.442748
acc 5883 0.019775 0.250000 0.950195
gyro 5883 14.152672 2.061069 -4.503817
acc 5894 0.021484 0.259033 0.943848
gyro 5894 14.488549 1.984733 -4.396946
acc 5906 0.016846 0.252930 0.934814
gyro 5906 14.335877 2.061069 -4.580153
acc 5918 0.011475 0.263428 0.935059
gyro 5918 13.847328 1.908397 -4.396946
acc 5930 0.012939 0.262207 0.933594
gyro 5930 13.740458 2.152672 -4.503817
acc 5941 0.013428 0.265869 0.936035
gyro 5941 13.694656 2.167939 -4.274809
acc 5953 0.013428 0.266357 0.938721
gyro 5953 14.000000 2.503817 -4.503817
acc 5965 0.012939 0.272949 0.933838
gyro 5965 14.274809 1.954198 -4.244275
acc 5976 0.012207 0.270020 0.935059
gyro 5976 14.412213 1.572519 -4.351145
acc 5988 0.015625 0.273926 0.937500
gyro 5988 13.679389 1.618321 -4.396946
acc 6000 0.017090 0.268066 0.931396
gyro 6000 13.679389 1.938931 -4.534351
acc 6012 0.009521 0.279785 0.927002
gyro 6012 14.015267 1.709924 -4.412214
acc 6023 0.015137 0.279785 0.921875
gyro 6023 13.877863 2.290076 -4.549618
acc 6035 0.015381 0.281494 0.930176
gyro 6035 15.404580 2.656489 -4.595420
acc 6047 0.005859 0.290283 0.923096
gyro 6047 17.312977 2.366412 -4.549618
acc 6059 0.008789 0.287354 0.931641
gyro 6059 18.580153 2.656489 -4.595420
acc 6070 0.015137 0.293457 0.936035
gyro 6070 19.358778 2.610687 -4.351145
acc 6082 0.011963 0.297363 0.922119
gyro 6082 19.175573 2.366412 -4.229008
acc 6094 0.010010 0.304688 0.922363
gyro 6094 16.977098 2.396947 -4.259542
acc 6105 0.010986 0.298828 0.923096
gyro 6105 15.374045 2.152672 -4.427481
acc 6117 0.004639 0.309082 0.912354
gyro 6117 15.435115 2.137405 -4.229008
acc 6129 0.011963 0.316406 0.921875
gyro 6129 15.190840 1.770992 -4.351145
acc 6141 0.010742 0.320312 0.922363
gyro 6141 13.664123 1.633588 -4.503817
acc 6152 0.011475 0.322021 0.908691
gyro 6152 11.694656 1.633588 -4.488550
acc 6164 0.012695 0.320312 0.913086
gyro 6164 9.007633 1.465649 -4.656488
acc 6176 0.001465 0.325928 0.925293
gyro 6176 8.152672 1.847328 -4.473282
acc 6187 0.007324 0.319092 0.915283
gyro 6187 7.679389 1.175573 -4.335878
acc 6199 0.008301 0.326172 0.914795
gyro 6199 5.511450 1.160305 -4.106870
acc 6211 0.013184 0.330811 0.921387
gyro 6211 3.496183 1.083969 -4.442748
acc 6223 0.009521 0.327881 0.903076
gyro 6223 2.015267 1.053435 -4.473282
acc 6234 0.010986 0.321289 0.919678
gyro 6234 2.717557 0.839695 -4.763359
acc 6246 0.013916 0.349121 0.890625
gyro 6246 1.465649 1.450382 -4.610687
acc 6258 0.020508 0.325195 0.915283
gyro 6258 4.580153 1.618321 -4.717557
acc 6270 0.012207 0.328125 0.931152
gyro 6270 6.503817 1.557252 -4.595420
acc 6281 0.014404 0.332520 0.920654
gyro 6281 7.022901 1.633588 -4.442748
acc 6293 0.010986 0.331543 0.927979
gyro 6293 8.946565 1.847328 -4.396946
acc 6305 0.010498 0.326904 0.914062
gyro 6305 9.221375 1.664122 -4.274809
acc 6316 0.005127 0.335693 0.913574
gyro 6316 9.129771 1.679389 -4.442748
acc 6328 0.006592 0.322021 0.926514
gyro 6328 9.740458 1.709924 -4.488550
acc 6340 0.005127 0.332031 0.924072
gyro 6340 10.778625 1.679389 -4.610687
acc 6352 0.013184 0.334473 0.920410
gyro 6352 11.633588 1.816794 -4.625954
acc 6363 0.010742 0.337891 0.915283
gyro 6363 12.351145 2.198473 -4.458015
acc 6375 0.009521 0.344727 0.904297
gyro 6375 14.488549 2.137405 -4.305344
acc 6387 0.005615 0.348877 0.908936
gyro 6387 15.038168 1.893130 -4.259542
acc 6399 0.012695 0.354248 0.898926
gyro 6399 16.290077 2.076336 -4.473282
acc 6410 0.006104 0.346191 0.915039
gyro 6410 16.916031 2.229008 -4.351145
acc 6422 0.003418 0.351562 0.917969
gyro 6422 17.954199 2.503817 -4.396946
acc 6434 0.009521 0.357422 0.918701
gyro 6434 20.061069 2.396947 -4.549618
acc 6445 0.010010 0.357666 0.901611
gyro 6445 20.183207 2.458015 -4.442748
acc 6457 -0.001221 0.378906 0.878418
gyro 6457 19.007633 1.877863 -4.488550
acc 6469 0.014893 0.372559 0.890137
gyro 6469 18.015266 1.984733 -4.290076
acc 6481 0.009766 0.369629 0.906494
gyro 6481 17.893129 1.954198 -4.442748
acc 6492 0.009766 0.378906 0.899414
gyro 6492 17.801527 2.030534 -4.473282
acc 6504 0.004639 0.377686 0.910156
gyro 6504 17.068703 1.801527 -4.625954
acc 6516 0.007080 0.381836 0.902100
gyro 6516 16.229008 2.137405 -4.610687
acc 6528 0.014160 0.386475 0.905029
gyro 6528 16.259542 1.648855 -4.396946
acc 6539 0.003662 0.389160 0.894043
gyro 6539 16.931297 1.801527 -4.595420
acc 6551 0.006348 0.393066 0.899414
gyro 6551 17.969465 2.045802 -4.503817
acc 6563 0.008789 0.396240 0.890381
gyro 6563 18.961832 1.908397 -4.656488
acc 6574 0.013184 0.397217 0.904541
gyro 6574 19.480917 2.335878 -4.610687
acc 6586 0.004150 0.398926 0.895020
gyro 6586 18.778625 2.656489 -4.656488
acc 6598 0.009521 0.398926 0.885010
gyro 6598 19.343512 2.778626 -4.580153
acc 6609 0.007812 0.406006 0.879639
gyro 6609 19.480917 2.916031 -4.488550
acc 6621 0.002686 0.401855 0.884277
gyro 6621 19.664122 2.717557 -4.381680
acc 6633 0.007568 0.411377 0.894775
gyro 6633 20.595419 2.381679 -4.473282
acc 6644 0.008789 0.416748 0.880127
gyro 6644 20.137405 2.290076 -4.519084
acc 6656 -0.000488 0.427490 0.875488
gyro 6656 20.290077 1.938931 -4.610687
acc 6668 0.004395 0.432373 0.879150
gyro 6668 20.473282 2.442748 -4.503817
acc 6680 0.008301 0.430420 0.878174
gyro 6680 21.541985 2.717557 -4.656488
acc 6691 0.003174 0.432373 0.876221
gyro 6691 22.870230 2.458015 -4.595420
acc 6703 0.005127 0.431641 0.877441
gyro 6703 24.274809 2.870229 -4.595420
acc 6715 0.008789 0.446045 0.866699
gyro 6715 24.412214 2.503817 -4.641222
acc 6726 0.000732 0.450439 0.855713
gyro 6726 23.053434 2.244275 -4.595420
acc 6738 -0.001221 0.456299 0.850830
gyro 6738 20.992367 2.366412 -4.412214
acc 6750 0.001953 0.459473 0.862549
gyro 6750 19.465649 2.106870 -4.763359
acc 6761 -0.000488 0.453613 0.855957
gyro 6761 18.885496 1.832061 -5.847328
acc 6773 -0.004150 0.460205 0.859863
gyro 6773 19.328245 1.786260 -5.786260
acc 6785 0.000000 0.464600 0.860596
gyro 6785 19.282442 0.977099 -7.389313
acc 6796 0.009766 0.469482 0.860596
gyro 6796 19.618320 1.282443 -6.900764
acc 6808 -0.018066 0.432129 0.861816
gyro 6808 6.748092 -0.122137 -10.488549
acc 6820 0.050049 0.582031 0.864014
gyro 6820 11.435115 3.083969 -3.847328
acc 6831 -0.003174 0.426514 0.867188
gyro 6831 14.259542 -0.335878 -10.167939
acc 6843 -0.004883 0.493896 0.852051
gyro 6843 18.442749 3.923664 -2.351145
acc 6855 0.000732 0.463135 0.848389
gyro 6855 17.633587 4.412214 1.541985
acc 6866 0.007324 0.487793 0.854736
gyro 6866 16.946566 3.832061 1.572519
acc 6878 0.046875 0.444336 0.873535
gyro 6878 11.465649 -0.198473 -3.969466
acc 6890 0.029541 0.503174 0.842285
gyro 6890 10.748092 -2.763359 -14.458015
acc 6902 -0.022217 0.532715 0.841064
gyro 6902 18.320610 0.748092 -8.916031
acc 6913 0.005859 0.511719 0.843262
gyro 6913 24.564886 3.068702 -4.671756
acc 6925 -0.005371 0.492676 0.848633
gyro 6925 24.900763 4.458015 -2.870229
acc 6937 0.003418 0.510498 0.841309
gyro 6937 26.091602 4.458015 -3.129771
acc 6948 0.004150 0.492676 0.837402
gyro 6948 26.946566 4.992366 -1.954198
acc 6960 -0.001221 0.512695 0.843262
gyro 6960 28.412214 4.916030 -1.053435
acc 6972 -0.000244 0.530762 0.832275
gyro 6972 29.297710 4.977099 0.427481
acc 6983 0.000000 0.531006 0.824707
gyro 6983 29.969465 4.366412 -1.404580
acc 6995 -0.001221 0.532227 0.824219
gyro 6995 29.725191 3.572519 -2.519084
acc 7007 -0.002930 0.538574 0.832520
gyro 7007 28.931297 3.175573 -3.221374
acc 7018 -0.011963 0.534912 0.824951
gyro 7018 28.305344 3.114504 -3.755725
acc 7030 -0.003662 0.542725 0.809570
gyro 7030 28.473282 2.931298 -4.198473
acc 7042 -0.000977 0.552490 0.796631
gyro 7042 28.259542 2.793893 -4.244275
acc 7053 -0.002197 0.552979 0.808838
gyro 7053 27.297710 2.671756 -3.938931
acc 7065 -0.006592 0.557617 0.791992
gyro 7065 25.450382 3.694656 -2.091603
acc 7077 0.001709 0.561523 0.801514
gyro 7077 24.061069 4.030534 -1.083969
acc 7089 -0.000732 0.564697 0.797852
gyro 7089 23.419847 3.343511 -2.931298
acc 7100 -0.007080 0.566895 0.800049
gyro 7100 22.931297 3.099237 -3.465649
acc 7112 -0.006592 0.568848 0.781738
gyro 7112 21.465649 3.511450 -2.610687
acc 7124 -0.000488 0.574707 0.789062
gyro 7124 21.114504 4.183206 -2.091603
acc 7135 -0.008789 0.579590 0.789551
gyro 7135 21.328245 4.503817 -1.190840
acc 7147 0.001221 0.580078 0.789307
gyro 7147 22.503817 4.335878 -1.557252
acc 7159 0.000732 0.577637 0.781250
gyro 7159 24.198473 3.832061 -2.427481
acc 7170 -0.002930 0.583984 0.782715
gyro 7170 25.755726 3.511450 -2.900763
acc 7182 -0.014648 0.587646 0.773682
gyro 7182 26.244274 4.687023 -1.725191
acc 7194 -0.005127 0.596924 0.772949
gyro 7194 27.038168 4.854962 -1.541985
acc 7205 -0.002441 0.602783 0.777832
gyro 7205 28.045801 4.900764 -1.786260
acc 7217 -0.003662 0.599609 0.785889
gyro 7217 30.900763 4.824428 -2.396947
acc 7229 -0.000977 0.605469 0.769043
gyro 7229 33.038166 5.847328 -1.740458
acc 7241 -0.014404 0.609131 0.767334
gyro 7241 34.519085 6.610687 0.076336
acc 7252 -0.006592 0.617188 0.764160
gyro 7252 34.534351 7.969466 2.229008
acc 7264 -0.003174 0.630615 0.754150
gyro 7264 37.938931 5.328244 -1.664122
acc 7276 -0.010498 0.638428 0.742676
gyro 7276 36.809162 6.366412 -0.641221
acc 7287 -0.003418 0.638184 0.736816
gyro 7287 36.931297 5.633588 -1.618321
acc 7299 -0.016113 0.653076 0.722168
gyro 7299 33.847328 4.824428 1.007634
acc 7311 -0.010254 0.657471 0.740234
gyro 7311 31.251909 4.534351 0.931298
acc 7322 -0.011230 0.653320 0.721436
gyro 7322 32.152672 4.381680 0.870229
acc 7334 -0.012695 0.658203 0.722168
gyro 7334 30.458015 5.633588 2.885496
acc 7346 -0.008545 0.639648 0.714111
gyro 7346 21.297710 9.755725 8.946565
acc 7357 -0.040771 0.696533 0.700928
gyro 7357 16.366413 12.885496 11.618320
acc 7369 0.000732 0.675293 0.728271
gyro 7369 29.404581 3.160305 0.320611
acc 7381 -0.001709 0.676758 0.716064
gyro 7381 33.404579 1.709924 -2.274809
acc 7392 -0.006592 0.682861 0.703857
gyro 7392 34.564884 1.541985 -2.183206
acc 7404 -0.002197 0.679199 0.702148
gyro 7404 34.259541 1.557252 -1.664122
acc 7416 0.001709 0.679932 0.697510
gyro 7416 29.740458 4.076336 1.297710
acc 7427 -0.025879 0.713867 0.682861
gyro 7427 28.854961 4.412214 1.755725
acc 7439 0.001953 0.694824 0.696289
gyro 7439 31.236641 3.022901 -0.274809
acc 7451 -0.005127 0.696777 0.696045
gyro 7451 33.816795 3.526718 -0.519084
acc 7463 -0.005615 0.705322 0.691162
gyro 7463 36.366413 2.793893 -0.824427
acc 7474 -0.004639 0.715088 0.678955
gyro 7474 38.473282 2.290076 -1.099237
acc 7486 -0.004639 0.721191 0.661133
gyro 7486 38.519085 1.755725 -1.832061
acc 7498 0.001953 0.717041 0.662598
gyro 7498 37.786259 3.358779 -0.748092
acc 7509 -0.009766 0.733643 0.651855
gyro 7509 34.595421 5.145038 0.854962
acc 7521 -0.013672 0.731201 0.635986
gyro 7521 28.778625 10.076336 5.297710
acc 7533 0.010498 0.755371 0.637695
gyro 7533 25.206106 10.946565 6.595420
acc 7544 0.002686 0.736328 0.646729
gyro 7544 28.290077 7.679389 3.358779
acc 7556 -0.003662 0.749512 0.645508
gyro 7556 30.244274 5.389313 1.129771
acc 7568 -0.006836 0.748047 0.635742
gyro 7568 28.885496 6.320611 2.335878
acc 7579 0.004639 0.762939 0.631592
gyro 7579 29.954199 4.061069 0.458015
acc 7591 -0.002930 0.763916 0.630615
gyro 7591 30.198473 3.374046 -0.229008
acc 7603 0.004883 0.768066 0.624512
gyro 7603 31.068703 2.732824 -1.129771
acc 7614 0.002686 0.765381 0.609863
gyro 7614 29.954199 2.396947 -0.992366
acc 7626 0.005127 0.767822 0.617676
gyro 7626 29.786259 2.122137 -1.862595
acc 7638 -0.006836 0.776123 0.606201
gyro 7638 30.335878 1.679389 -2.045802
acc 7649 0.000488 0.777588 0.603760
gyro 7649 29.801527 1.923664 -1.511450
acc 7661 0.002197 0.781250 0.602783
gyro 7661 29.343512 2.030534 -1.450382
acc 7673 0.007324 0.791504 0.594971
gyro 7673 28.183207 1.541985 -2.000000
acc 7684 0.008301 0.779053 0.592285
gyro 7684 29.709923 0.824427 -2.534351
acc 7696 0.002686 0.784180 0.594727
gyro 7696 30.977098 0.687023 -2.763359
acc 7708 0.004150 0.790283 0.593506
gyro 7708 32.580154 0.488550 -2.931298
acc 7719 0.006592 0.804199 0.575195
gyro 7719 32.549618 0.641221 -2.702290
acc 7731 0.002930 0.808105 0.563477
gyro 7731 32.381680 0.778626 -2.519084
acc 7743 0.008789 0.806641 0.563232
gyro 7743 32.412212 0.946565 -2.732824
acc 7754 0.008789 0.805664 0.558350
gyro 7754 33.083969 0.717557 -2.687023
acc 7766 0.008545 0.817871 0.560303
gyro 7766 33.618320 0.870229 -2.412214
acc 7778 -0.000977 0.811768 0.552490
gyro 7778 34.885498 1.572519 -1.954198
acc 7789 0.004639 0.821045 0.539795
gyro 7789 35.374046 1.740458 -1.496183
acc 7801 0.009033 0.821533 0.542480
gyro 7801 36.702290 2.091603 -1.709924
acc 7813 0.008301 0.834717 0.528809
gyro 7813 37.206108 1.572519 -1.816794
acc 7824 0.004883 0.829346 0.527344
gyro 7824 36.748093 2.106870 -1.832061
acc 7836 0.014160 0.853027 0.511719
gyro 7836 36.763359 1.679389 -1.877863
acc 7848 0.004639 0.846436 0.510010
gyro 7848 34.580154 3.801527 -0.687023
acc 7859 0.004639 0.853271 0.493896
gyro 7859 31.786259 7.740458 1.725191
acc 7871 0.016602 0.846436 0.500000
gyro 7871 32.122139 4.625954 -0.244275
acc 7882 -0.014648 0.851318 0.497314
gyro 7882 30.977098 3.236641 -0.442748
acc 7894 0.010254 0.855713 0.494629
gyro 7894 31.206106 3.801527 -0.366412
acc 7906 0.002197 0.857666 0.490479
gyro 7906 35.343510 3.969466 -0.351145
acc 7917 0.004883 0.865967 0.482666
gyro 7917 36.412212 4.916030 0.183206
acc 7929 0.014160 0.871826 0.472900
gyro 7929 36.656490 2.885496 -1.129771
acc 7941 0.163086 0.710693 0.696045
gyro 7941 -14.320611 -6.167939 -10.396947
acc 7952 0.042480 0.884521 0.446045
gyro 7952 24.610687 0.870229 -2.793893
acc 7964 0.055664 0.799805 0.585449
gyro 7964 -13.129771 -10.687023 -12.305344
acc 7976 0.078857 0.845703 0.505127
gyro 7976 14.824428 2.274809 -2.381679
acc 7987 0.058594 0.817383 0.516113
gyro 7987 12.931297 -7.206107 -9.847328
acc 7999 -0.030518 0.849609 0.485107
gyro 7999 8.717557 1.343511 -6.274809
acc 8011 -0.219727 1.009277 0.128906
gyro 8011 34.717556 0.580153 -5.664122
acc 8022 0.013428 0.881104 0.457031
gyro 8022 33.969467 2.076336 -4.687023
acc 8034 0.014893 0.887207 0.439209
gyro 8034 35.618320 2.396947 -4.992366
acc 8046 0.011230 0.887939 0.424805
gyro 8046 34.061069 2.274809 -4.854962
acc 8057 0.008789 0.896484 0.426270
gyro 8057 33.083969 1.816794 -4.870229
acc 8069 0.010986 0.898682 0.404053
gyro 8069 31.236641 1.435115 -4.717557
acc 8081 0.012207 0.899658 0.407471
gyro 8081 28.778625 1.099237 -4.793893
acc 8092 0.003662 0.900879 0.402100
gyro 8092 27.297710 1.099237 -4.717557
acc 8104 0.012207 0.897949 0.412598
gyro 8104 28.183207 1.786260 -4.671756
acc 8116 0.012207 0.909912 0.402100
gyro 8116 28.809160 1.786260 -4.519084
acc 8127 0.012207 0.911865 0.403564
gyro 8127 29.557251 1.511450 -4.885496
acc 8139 0.010742 0.908203 0.385254
gyro 8139 29.465649 1.236641 -4.931298
acc 8151 0.013428 0.919678 0.388916
gyro 8151 29.328245 1.770992 -4.687023
acc 8162 0.012939 0.916504 0.388672
gyro 8162 29.709923 1.557252 -4.809160
acc 8174 0.013672 0.919189 0.383545
gyro 8174 29.786259 1.725191 -4.916030
acc 8186 0.011475 0.924561 0.364014
gyro 8186 29.740458 1.816794 -4.717557
acc 8197 0.004395 0.919434 0.368408
gyro 8197 29.511450 1.725191 -4.809160
acc 8209 0.009033 0.924072 0.359863
gyro 8209 29.541985 2.106870 -4.717557
acc 8221 0.005127 0.921387 0.365723
gyro 8221 29.816793 2.000000 -4.824428
acc 8232 0.005615 0.925293 0.350098
gyro 8232 30.549618 1.862595 -4.946565
acc 8244 0.009033 0.927490 0.340088
gyro 8244 32.183205 1.862595 -4.931298
acc 8256 0.006836 0.930908 0.350098
gyro 8256 34.458015 1.984733 -4.916030
acc 8267 0.014404 0.932617 0.321533
gyro 8267 36.610687 1.770992 -5.175572
acc 8279 0.012695 0.940430 0.319092
gyro 8279 36.503819 1.740458 -4.763359
acc 8291 0.004639 0.945312 0.310547
gyro 8291 35.877861 1.450382 -4.839694
acc 8302 0.006592 0.939941 0.307373
gyro 8302 35.984734 1.404580 -5.068702
acc 8314 0.015137 0.941162 0.296875
gyro 8314 36.610687 1.343511 -4.885496
acc 8326 0.011719 0.948486 0.296875
gyro 8326 37.557251 1.694656 -4.946565
acc 8337 0.009033 0.953857 0.284668
gyro 8337 37.358780 1.755725 -4.992366
acc 8349 0.001465 0.951904 0.281982
gyro 8349 38.000000 2.091603 -4.854962
acc 8361 0.007080 0.960449 0.260254
gyro 8361 37.572517 1.801527 -4.885496
acc 8372 0.006348 0.953369 0.257812
gyro 8372 35.770992 1.557252 -4.854962
acc 8384 0.002197 0.957520 0.260986
gyro 8384 35.083969 2.030534 -4.900764
acc 8396 0.001465 0.969482 0.250000
gyro 8396 35.267174 1.511450 -5.068702
acc 8407 0.026855 0.966309 0.263672
gyro 8407 35.725189 2.244275 -5.236641
acc 8419 0.010498 0.964111 0.236328
gyro 8419 36.198475 2.183206 -4.702290
acc 8431 0.010498 0.972900 0.226074
gyro 8431 36.259541 1.954198 -5.068702
acc 8442 0.000732 0.973389 0.215332
gyro 8442 35.160305 0.916031 -5.068702
acc 8454 0.006104 0.976807 0.218750
gyro 8454 33.389313 2.106870 -4.900764
acc 8466 0.001221 0.968262 0.208984
gyro 8466 33.022900 1.648855 -5.022901
acc 8478 0.009766 0.983887 0.197998
gyro 8478 30.946566 2.091603 -4.946565
acc 8489 0.004883 0.989990 0.193604
gyro 8489 30.549618 0.809160 -5.053435
acc 8501 0.004639 0.979736 0.184082
gyro 8501 28.381680 1.389313 -5.068702
acc 8513 0.005859 0.987061 0.187500
gyro 8513 26.458015 1.358779 -4.854962
acc 8524 0.013184 0.981445 0.180420
gyro 8524 26.717558 1.282443 -4.900764
acc 8536 0.005859 0.980713 0.172119
gyro 8536 26.778625 1.404580 -4.961832
acc 8548 0.000488 0.987549 0.167480
gyro 8548 27.175573 1.267176 -4.870229
acc 8559 0.004639 0.981934 0.163574
gyro 8559 25.832062 1.389313 -4.931298
acc 8571 0.011230 0.986572 0.166748
gyro 8571 26.198473 1.480916 -4.824428
acc 8583 0.006836 0.992676 0.158691
gyro 8583 26.687023 1.480916 -4.992366
acc 8594 0.003418 0.983154 0.145996
gyro 8594 27.068703 1.801527 -4.870229
acc 8606 0.007812 0.990479 0.150146
gyro 8606 26.366413 1.954198 -4.885496
acc 8618 0.008057 0.984131 0.146729
gyro 8618 27.572519 2.091603 -4.885496
acc 8629 0.010010 0.992432 0.141357
gyro 8629 30.106871 2.045802 -4.931298
acc 8641 0.005127 0.988281 0.135742
gyro 8641 33.053436 1.847328 -5.038168
acc 8653 0.014648 0.985107 0.131104
gyro 8653 35.969467 1.740458 -4.916030
acc 8664 0.006592 0.988770 0.098389
gyro 8664 40.946564 -2.015267 -5.877862
acc 8676 0.085205 0.902832 -0.052246
gyro 8676 69.770996 -14.045801 -6.137404
acc 8688 0.001221 0.981934 0.184326
gyro 8688 45.267174 10.503817 -3.740458
acc 8700 -0.036133 0.994141 0.088379
gyro 8700 95.938934 -1.480916 -7.022901
acc 8711 0.069336 0.746094 -0.189697
gyro 8711 86.992363 -11.847328 -8.870229
acc 8723 -0.152100 0.716064 -1.179443
gyro 8723 178.687027 34.259541 -11.541985
acc 8734 0.385254 1.249023 -0.237305
gyro 8734 119.603050 -3.435115 -6.290076
acc 8746 -0.747314 1.243408 0.352295
gyro 8746 201.022903 -45.236641 -2.931298
acc 8758 0.014648 0.998291 -0.027344
gyro 8758 12.122137 2.106870 -6.473282
acc 8769 -0.047119 1.029053 -0.089355
gyro 8769 6.946565 -4.320611 -1.633588
acc 8781 -0.008301 1.034180 -0.068604
gyro 8781 3.770992 5.053435 -5.282443
acc 8793 0.010498 1.004639 -0.039551
gyro 8793 4.259542 2.259542 -4.931298
acc 8805 0.007324 1.001709 -0.035645
gyro 8805 2.916031 1.251908 -5.267176
acc 8816 -0.008057 1.025391 -0.051025
gyro 8816 0.061069 1.236641 -4.961832
acc 8828 0.000732 0.999512 -0.031494
gyro 8828 -1.328244 1.175573 -5.190840
acc 8840 -0.008301 0.995117 -0.035889
gyro 8840 -0.870229 1.083969 -4.992366
acc 8851 -0.002197 1.010010 -0.039307
gyro 8851 -0.564885 1.022901 -5.236641
acc 8863 0.001709 1.008057 -0.038330
gyro 8863 0.702290 0.870229 -4.839694
acc 8875 0.007324 0.993164 -0.041748
gyro 8875 1.251908 1.068702 -4.977099
acc 8886 0.001953 1.003662 -0.041748
gyro 8886 1.450382 1.175573 -4.641222
acc 8898 0.003174 1.013916 -0.031494
gyro 8898 0.564885 0.763359 -5.053435
acc 8910 -0.000977 1.000732 -0.036377
gyro 8910 1.145038 0.824427 -4.656488
acc 8921 0.001709 0.993652 -0.041504
gyro 8921 1.221374 0.961832 -4.763359
acc 8933 0.000488 1.007324 -0.048340
gyro 8933 0.610687 0.885496 -5.099236
acc 8945 0.002197 1.008789 -0.044434
gyro 8945 0.702290 1.145038 -4.900764
acc 8956 0.005127 0.995117 -0.040527
gyro 8956 1.251908 1.175573 -4.977099
acc 8968 0.001465 1.003174 -0.042480
gyro 8968 1.374046 0.977099 -5.160306
acc 8980 0.005615 1.013184 -0.042236
gyro 8980 1.770992 1.251908 -4.977099
acc 8991 0.008789 1.010254 -0.032715
gyro 8991 2.137405 1.297710 -4.580153
acc 9003 0.002930 1.006348 -0.042236
gyro 9003 1.954198 1.267176 -4.809160
acc 9015 0.002930 1.005615 -0.035889
gyro 9015 0.595420 1.068702 -4.870229
acc 9026 -0.004150 1.013916 -0.039307
gyro 9026 0.305344 0.977099 -4.809160
acc 9038 0.001709 1.009521 -0.041504
gyro 9038 0.091603 0.931298 -4.946565
acc 9050 0.003418 1.002686 -0.045654
gyro 9050 -0.809160 1.068702 -5.068702
acc 9061 0.001465 1.015381 -0.040527
gyro 9061 -0.916031 0.900763 -4.977099
acc 9073 0.006592 1.006348 -0.046387
gyro 9073 -1.343511 0.916031 -4.961832
acc 9085 0.004639 1.000244 -0.037354
gyro 9085 -0.320611 0.809160 -5.068702
acc 9096 -0.001709 1.003662 -0.042236
gyro 9096 0.396947 1.007634 -5.206107
acc 9108 0.007812 1.006836 -0.034668
gyro 9108 1.343511 1.312977 -4.900764
acc 9120 0.002686 1.005371 -0.040039
gyro 9120 1.709924 1.236641 -4.854962
acc 9132 0.011963 1.002441 -0.041260
gyro 9132 1.572519 1.145038 -4.854962
acc 9143 0.006348 1.009766 -0.041260
gyro 9143 1.328244 1.145038 -4.839694
acc 9155 -0.003662 1.008301 -0.046387
gyro 9155 1.236641 1.022901 -4.717557
acc 9167 0.000244 1.003906 -0.043213
gyro 9167 1.465649 1.160305 -4.946565
acc 9178 -0.004883 1.011230 -0.045410
gyro 9178 1.007634 0.961832 -5.022901
acc 9190 0.001953 1.005615 -0.038330
gyro 9190 0.442748 0.885496 -4.763359
acc 9202 0.001221 1.005615 -0.043945
gyro 9202 0.274809 0.854962 -4.824428
acc 9213 -0.001221 0.998779 -0.032959
gyro 9213 0.213740 1.236641 -4.839694
acc 9225 0.001221 1.005615 -0.036377
gyro 9225 0.030534 0.992366 -4.854962
acc 9237 -0.000732 1.012207 -0.049316
gyro 9237 0.473282 1.450382 -4.900764
acc 9248 -0.000977 0.999756 -0.050049
gyro 9248 -0.061069 0.442748 -4.656488
acc 9260 0.006104 1.007568 -0.033936
gyro 9260 0.152672 0.900763 -4.732824
acc 9272 0.005859 1.008545 -0.039307
gyro 9272 0.366412 1.053435 -4.732824
acc 9283 0.004639 1.003418 -0.044922
gyro 9283 0.412214 0.793893 -4.961832
acc 9295 -0.002686 1.003418 -0.041504
gyro 9295 -0.213740 1.221374 -5.129771
acc 9307 0.004150 1.006104 -0.033447
gyro 9307 0.091603 1.129771 -4.870229
acc 9318 0.000488 1.006836 -0.038818
gyro 9318 0.061069 1.206107 -5.175572
acc 9330 0.003418 1.010254 -0.037842
gyro 9330 0.351145 1.083969 -4.748092
acc 9342 -0.001953 1.008789 -0.037109
gyro 9342 0.748092 1.206107 -5.022901
acc 9353 0.000977 1.005615 -0.040283
gyro 9353 0.992366 1.312977 -4.992366
acc 9365 0.006836 1.004150 -0.043945
gyro 9365 0.916031 1.343511 -5.251908
acc 9377 -0.015381 0.991699 -0.037842
gyro 9377 1.221374 1.297710 -4.641222
acc 9388 0.003906 1.020264 -0.049072
gyro 9388 0.839695 2.656489 -4.900764
acc 9400 0.009033 1.010742 -0.044189
gyro 9400 0.809160 1.587786 -4.671756
acc 9412 0.009766 1.010986 -0.044189
gyro 9412 -0.259542 1.312977 -4.870229
acc 9423 0.007568 1.003906 -0.040527
gyro 9423 0.030534 1.358779 -4.534351
acc 9435 0.010010 1.004395 -0.032959
gyro 9435 -0.167939 2.045802 -5.053435
acc 9447 0.005371 1.009033 -0.051514
gyro 9447 -0.351145 1.221374 -4.916030
acc 9458 0.004883 1.008301 -0.036377
gyro 9458 -0.793893 0.961832 -4.916030
acc 9470 -0.001953 1.004883 -0.039551
gyro 9470 -1.572519 0.900763 -4.931298
acc 9482 0.008301 0.998047 -0.034180
gyro 9482 -1.923664 0.702290 -4.916030
acc 9493 0.002441 1.003174 -0.031494
gyro 9493 -1.129771 0.931298 -4.961832
acc 9505 0.003662 1.008057 -0.033203
gyro 9505 -0.091603 1.099237 -4.793893
acc 9517 0.005615 1.000000 -0.036133
gyro 9517 1.099237 1.389313 -5.022901
acc 9529 0.006836 1.003906 -0.039062
gyro 9529 0.137405 0.870229 -4.610687
acc 9540 -0.000244 1.005615 -0.037598
gyro 9540 0.610687 0.793893 -4.732824
acc 9552 0.005859 1.004150 -0.045410
gyro 9552 0.290076 1.114504 -4.610687
acc 9564 0.004395 1.005615 -0.034424
gyro 9564 1.312977 1.343511 -4.732824
acc 9575 0.004639 1.006836 -0.041748
gyro 9575 -0.122137 1.282443 -4.870229
acc 9587 0.000732 1.008789 -0.042969
gyro 9587 0.030534 1.129771 -4.870229
acc 9599 -0.002930 1.008301 -0.041504
gyro 9599 0.305344 1.160305 -4.824428
acc 9610 -0.001709 1.007568 -0.028076
gyro 9610 0.320611 1.175573 -5.022901
acc 9622 0.003906 1.012207 -0.033691
gyro 9622 0.473282 1.343511 -4.793893
acc 9634 0.000732 1.008057 -0.031250
gyro 9634 0.335878 1.160305 -4.671756
acc 9645 0.003662 1.004150 -0.037354
gyro 9645 0.473282 1.312977 -4.824428
acc 9657 -0.015625 0.971436 0.016602
gyro 9657 -0.778626 -0.793893 -4.763359
acc 9669 0.007568 1.014404 -0.038086
gyro 9669 1.969466 0.931298 -4.854962
acc 9680 -0.003174 1.006836 -0.032471
gyro 9680 0.580153 1.022901 -4.488550
acc 9692 0.005127 1.005127 -0.039795
gyro 9692 0.381679 0.809160 -4.824428
acc 9704 0.007324 1.012939 -0.040283
gyro 9704 -1.068702 0.885496 -4.854962
acc 9715 0.005615 1.010986 -0.038330
gyro 9715 -0.854962 1.053435 -4.793893
acc 9727 -0.002441 1.004883 -0.040283
gyro 9727 -1.022901 0.931298 -4.839694
acc 9739 0.000000 0.997559 -0.032715
gyro 9739 -0.183206 1.297710 -4.732824
acc 9750 -0.002197 1.004883 -0.035400
gyro 9750 0.015267 1.267176 -4.809160
acc 9762 0.002197 1.009766 -0.036621
gyro 9762 0.030534 1.312977 -4.839694
acc 9774 -0.000244 1.002197 -0.035889
gyro 9774 0.458015 1.312977 -4.931298
acc 9785 -0.000732 1.000732 -0.039062
gyro 9785 0.000000 1.496183 -4.748092
acc 9797 -0.002197 1.005127 -0.034912
gyro 9797 0.946565 0.824427 -4.809160
acc 9809 0.007080 1.009521 -0.034912
gyro 9809 0.824427 1.022901 -4.534351
acc 9820 0.007080 1.008789 -0.035645
gyro 9820 1.038168 0.961832 -4.824428
acc 9832 0.002441 1.008057 -0.035645
gyro 9832 0.854962 1.038168 -4.793893
acc 9844 -0.001221 1.013428 -0.045166
gyro 9844 1.099237 1.282443 -4.809160
acc 9856 -0.004883 1.005615 -0.037842
gyro 9856 0.671756 1.068702 -4.793893
acc 9867 0.000732 1.005371 -0.036865
gyro 9867 0.274809 0.916031 -4.717557
acc 9879 0.001221 1.008789 -0.043945
gyro 9879 0.473282 0.931298 -4.717557
acc 9891 -0.001465 1.003662 -0.043213
gyro 9891 1.343511 1.297710 -4.641222
acc 9902 0.007324 1.001709 -0.042725
gyro 9902 1.190840 0.946565 -4.809160
acc 9914 0.071533 1.280029 0.858643
gyro 9914 -31.770992 -41.022900 -2.961832
acc 9926 -0.050293 1.017090 -0.180664
gyro 9926 2.534351 -12.534351 -4.580153
acc 9937 -0.033936 1.010986 -0.190430
gyro 9937 2.732824 -3.908397 -4.931298
acc 9949 -0.024170 0.991943 -0.127930
gyro 9949 2.381679 -11.816793 -4.702290
acc 9961 0.017578 1.018066 0.006348
gyro 9961 0.198473 -5.984733 -4.564886
acc 9972 -0.020508 0.987793 -0.092773
gyro 9972 3.083969 -3.389313 -4.992366
acc 9984 0.062500 1.003662 0.090332
gyro 9984 -1.022901 -35.267174 -3.862595
acc 9996 -0.012939 1.019775 -0.107178
gyro 9996 -2.335878 -32.854961 -4.732824
acc 10007 0.000732 1.012695 -0.057373
gyro 10007 1.175573 0.534351 -4.900764
acc 10019 0.020752 1.015381 0.007812
gyro 10019 1.694656 -1.618321 -4.671756
acc 10031 -0.012695 1.021240 -0.076660
gyro 10031 -0.366412 -27.206106 -4.519084
acc 10042 -0.000977 1.011719 -0.061035
gyro 10042 -0.488550 0.961832 -4.778626
acc 10054 0.009766 1.010010 -0.039307
gyro 10054 0.106870 1.007634 -4.534351
acc 10066 0.008301 1.010742 -0.042236
gyro 10066 -0.519084 1.175573 -4.610687
acc 10077 -0.000977 1.006592 -0.039795
gyro 10077 -0.595420 1.267176 -4.610687
acc 10089 0.003662 1.001221 -0.025146
gyro 10089 -0.290076 1.389313 -4.580153
acc 10101 0.003418 1.007324 -0.037109
gyro 10101 -0.213740 1.114504 -4.488550
acc 10112 0.005127 1.008057 -0.039062
gyro 10112 -0.198473 1.221374 -4.625954
acc 10124 0.008789 1.010986 -0.040283
gyro 10124 -0.290076 1.206107 -4.656488
acc 10136 0.003418 1.009521 -0.034180
gyro 10136 -0.366412 1.221374 -4.366412
acc 10147 0.002930 1.006836 -0.038818
gyro 10147 0.259542 1.114504 -4.656488
acc 10159 0.009766 1.014648 -0.034668
gyro 10159 1.160305 1.328244 -4.854962
acc 10171 0.006104 0.999512 -0.049805
gyro 10171 0.625954 1.328244 -4.702290
acc 10182 0.002197 1.006348 -0.038330
gyro 10182 -0.045802 1.251908 -4.900764
acc 10194 -0.000977 1.007568 -0.035156
gyro 10194 -0.351145 1.358779 -4.564886
acc 10206 0.001221 1.003174 -0.038086
gyro 10206 -0.091603 1.007634 -4.717557
acc 10217 0.001953 1.010254 -0.031738
gyro 10217 0.000000 1.221374 -4.519084
acc 10229 -0.004395 0.999756 -0.027588
gyro 10229 -0.015267 1.297710 -4.717557
acc 10241 0.004639 1.007568 -0.032227
gyro 10241 0.458015 1.450382 -4.702290
acc 10252 0.002441 1.003906 -0.038086
gyro 10252 0.625954 1.328244 -4.702290
acc 10264 -0.006104 1.000488 -0.039062
gyro 10264 0.793893 1.374046 -4.610687
acc 10276 0.004395 1.006592 -0.039551
gyro 10276 0.534351 1.068702 -4.671756
acc 10287 -0.002441 1.005615 -0.046387
gyro 10287 0.519084 1.068702 -4.595420
acc 10299 0.002686 1.007568 -0.028564
gyro 10299 0.381679 1.251908 -4.778626
acc 10311 -0.000732 1.009277 -0.035156
gyro 10311 -0.045802 1.267176 -4.702290
acc 10323 0.007568 1.009521 -0.029785
gyro 10323 0.091603 1.068702 -4.519084
acc 10334 0.004883 1.005127 -0.035400
gyro 10334 0.335878 1.053435 -4.717557
acc 10346 0.001709 1.008301 -0.033203
gyro 10346 0.335878 1.297710 -4.656488
acc 10358 0.007568 1.008057 -0.043701
gyro 10358 0.213740 1.343511 -4.809160
acc 10369 0.007812 1.003174 -0.037354
gyro 10369 0.137405 1.312977 -4.946565
acc 10381 -0.004883 1.002930 -0.041504
gyro 10381 0.045802 1.083969 -4.519084
acc 10393 0.003418 1.006348 -0.037354
gyro 10393 -0.030534 1.221374 -4.656488
acc 10404 0.000732 1.000977 -0.039307
gyro 10404 0.015267 1.419847 -4.595420
acc 10416 0.000977 1.011230 -0.042969
gyro 10416 0.229008 1.374046 -4.564886
acc 10428 -0.000244 1.006836 -0.041016
gyro 10428 0.503817 1.190840 -4.763359
acc 10439 0.004395 1.004150 -0.039795
gyro 10439 -0.198473 1.129771 -4.412214
acc 10451 0.003662 1.005127 -0.047119
gyro 10451 0.244275 1.145038 -4.625954
acc 10463 0.005615 1.001953 -0.031006
gyro 10463 0.687023 0.961832 -4.732824
acc 10474 0.004150 1.005127 -0.028564
gyro 10474 1.038168 1.175573 -4.763359
acc 10486 -0.004395 1.002197 -0.035156
gyro 10486 1.328244 1.236641 -4.732824
acc 10498 0.003174 1.007080 -0.031494
gyro 10498 0.580153 1.190840 -4.702290
acc 10509 0.004395 1.006592 -0.043701
gyro 10509 0.473282 1.068702 -4.702290
acc 10521 0.002930 1.004395 -0.043213
gyro 10521 -0.045802 1.236641 -4.641222
acc 10533 -0.000977 1.004150 -0.036377
gyro 10533 -0.229008 0.992366 -4.549618
acc 10544 -0.000977 1.000732 -0.038818
gyro 10544 -0.519084 1.129771 -4.595420
acc 10556 0.000244 1.002441 -0.035156
gyro 10556 -0.564885 1.053435 -4.549618
acc 10568 0.011230 1.004883 -0.028076
gyro 10568 0.412214 1.038168 -4.732824
acc 10579 0.005859 1.007812 -0.030518
gyro 10579 0.702290 1.099237 -4.687023
acc 10591 0.005371 1.009277 -0.043945
gyro 10591 0.916031 1.312977 -4.778626
acc 10603 0.009766 1.005127 -0.037842
gyro 10603 0.656489 1.083969 -4.641222
acc 10614 0.002441 1.009521 -0.037109
gyro 10614 0.519084 1.175573 -4.916030
acc 10626 0.009766 1.006836 -0.032227
gyro 10626 0.595420 1.206107 -4.549618
acc 10638 0.008301 1.007812 -0.046875
gyro 10638 0.580153 1.419847 -4.854962
acc 10649 0.004150 1.000732 -0.040771
gyro 10649 0.793893 1.358779 -4.778626
acc 10661 0.002441 1.013916 -0.037842
gyro 10661 0.549618 1.236641 -4.564886
acc 10673 -0.000732 1.006836 -0.037598
gyro 10673 0.000000 1.068702 -4.625954
acc 10685 0.007568 1.002686 -0.043701
gyro 10685 -0.748092 1.114504 -4.335878
acc 10696 0.006348 1.010986 -0.036133
gyro 10696 -0.045802 1.068702 -4.809160
acc 10708 0.010254 1.004150 -0.024414
gyro 10708 0.152672 1.114504 -4.641222
acc 10720 0.002930 1.006348 -0.037598
gyro 10720 1.221374 1.175573 -4.793893
acc 10731 0.000488 1.005859 -0.038818
gyro 10731 0.381679 1.282443 -4.717557
acc 10743 0.004639 1.011475 -0.043213
gyro 10743 0.244275 1.083969 -4.503817
acc 10755 0.005371 1.010254 -0.033691
gyro 10755 -0.809160 0.748092 -4.427481
acc 10766 0.003906 1.011963 -0.041260
gyro 10766 -1.038168 0.992366 -4.427481
acc 10778 0.002930 1.001709 -0.028076
gyro 10778 -0.656489 1.511450 -4.656488
acc 10790 0.003174 1.006348 -0.041992
gyro 10790 0.519084 1.572519 -4.793893
acc 10801 0.006348 1.004883 -0.032227
gyro 10801 1.496183 1.251908 -4.839694
acc 10813 0.004639 1.006836 -0.046387
gyro 10813 1.435115 1.603053 -4.839694
acc 10825 -0.000244 1.007080 -0.031738
gyro 10825 1.145038 1.282443 -4.870229
acc 10836 -0.000488 1.006348 -0.032959
gyro 10836 0.595420 1.083969 -4.763359
acc 10848 -0.002441 1.008301 -0.027344
gyro 10848 0.946565 1.282443 -4.610687
acc 10860 0.005615 1.004395 -0.033691
gyro 10860 0.900763 1.328244 -4.946565
acc 10871 -0.000244 1.001221 -0.031006
gyro 10871 0.595420 1.251908 -4.763359
acc 10883 0.005371 1.000000 -0.033691
gyro 10883 0.167939 1.251908 -4.595420
acc 10895 -0.000977 1.000488 -0.037842
gyro 10895 -0.030534 1.160305 -4.778626
acc 10906 0.007324 1.003174 -0.031250
gyro 10906 -0.076336 1.206107 -4.717557
acc 10918 0.007080 1.009521 -0.038330
gyro 10918 0.045802 1.190840 -4.519084
acc 10930 0.000732 1.007324 -0.027588
gyro 10930 0.412214 1.175573 -4.824428
acc 10941 0.001709 1.006592 -0.027344
gyro 10941 0.961832 1.312977 -4.717557
acc 10953 -0.001709 1.004883 -0.042725
gyro 10953 0.870229 1.389313 -5.129771
acc 10965 0.002686 1.004883 -0.038574
gyro 10965 1.328244 1.389313 -4.992366
acc 10976 0.007812 1.008789 -0.036133
gyro 10976 1.664122 1.374046 -4.961832
acc 10988 0.001465 1.005859 -0.034180
gyro 10988 1.236641 1.435115 -4.870229
acc 11000 0.005615 1.008545 -0.032715
gyro 11000 1.038168 1.480916 -4.824428
acc 11011 0.002197 1.008301 -0.044922
gyro 11011 0.122137 1.587786 -4.671756
acc 11023 0.000732 1.004150 -0.032715
gyro 11023 -0.045802 1.022901 -4.732824
acc 11035 -0.001465 1.007568 -0.051514
gyro 11035 -0.595420 1.053435 -4.549618
acc 11047 0.003662 1.005371 -0.037598
gyro 11047 -0.259542 0.961832 -4.610687
acc 11058 0.001953 1.008057 -0.026855
gyro 11058 0.274809 1.236641 -4.687023
acc 11070 0.005859 1.003662 -0.031982
gyro 11070 0.702290 1.114504 -4.870229
acc 11082 0.005859 1.000000 -0.034424
gyro 11082 1.282443 1.343511 -4.900764
acc 11093 0.004150 1.005859 -0.042969
gyro 11093 0.931298 1.328244 -4.900764
acc 11105 0.004395 1.005859 -0.036865
gyro 11105 0.351145 1.312977 -4.748092
acc 11117 0.006836 1.004395 -0.040039
gyro 11117 0.244275 1.206107 -4.732824
acc 11128 0.005859 1.004639 -0.041260
gyro 11128 0.183206 1.114504 -4.641222
acc 11140 0.003174 1.007568 -0.038574
gyro 11140 0.427481 1.022901 -4.595420
acc 11152 0.005859 1.004395 -0.036377
gyro 11152 0.381679 1.312977 -4.580153
acc 11163 0.006592 1.000244 -0.039551
gyro 11163 0.244275 0.961832 -4.671756
acc 11175 0.005127 1.009766 -0.041992
gyro 11175 0.106870 1.114504 -4.488550
acc 11187 0.005127 1.003174 -0.036377
gyro 11187 0.076336 1.145038 -4.549618
acc 11198 0.005127 1.000000 -0.035645
gyro 11198 0.122137 0.977099 -4.732824
acc 11210 0.003662 1.005371 -0.037598
gyro 11210 0.229008 1.129771 -4.564886
acc 11222 -0.000244 1.009521 -0.037354
gyro 11222 0.167939 1.236641 -4.534351
acc 11233 0.000000 1.003174 -0.024414
gyro 11233 0.549618 1.374046 -4.763359
acc 11245 0.001221 1.011963 -0.041748
gyro 11245 0.641221 1.099237 -4.580153
acc 11257 0.004395 1.010742 -0.027588
gyro 11257 0.274809 1.114504 -4.839694
acc 11268 0.005127 1.005615 -0.040527
gyro 11268 0.076336 1.083969 -4.702290
acc 11280 0.000488 1.009521 -0.041504
gyro 11280 0.045802 1.160305 -4.778626
acc 11292 0.004395 1.001465 -0.040283
gyro 11292 0.091603 1.160305 -4.656488
acc 11303 0.005859 1.007568 -0.036133
gyro 11303 0.122137 1.190840 -4.564886
acc 11315 0.006592 1.006348 -0.032227
gyro 11315 0.030534 1.022901 -4.519084
acc 11327 0.003906 1.008545 -0.025146
gyro 11327 0.290076 1.267176 -4.656488
acc 11338 0.008057 1.005371 -0.038330
gyro 11338 0.473282 1.358779 -4.916030
acc 11350 0.003418 1.005859 -0.041016
gyro 11350 0.442748 1.282443 -4.824428
acc 11362 0.004395 1.010498 -0.041260
gyro 11362 0.549618 1.068702 -4.595420
acc 11373 0.008789 1.001709 -0.042236
gyro 11373 0.580153 1.206107 -4.778626
acc 11385 0.002686 1.002930 -0.035156
gyro 11385 0.076336 1.083969 -4.595420
acc 11397 0.006836 1.002197 -0.031494
gyro 11397 -0.198473 1.267176 -4.671756
acc 11408 0.000000 1.005371 -0.035645
gyro 11408 0.366412 1.282443 -4.687023
acc 11420 0.000000 1.008545 -0.030029
gyro 11420 0.671756 1.236641 -4.717557
acc 11432 0.003418 1.007812 -0.030762
gyro 11432 0.763359 1.404580 -4.778626
acc 11444 -0.002686 1.004883 -0.032227
gyro 11444 0.809160 1.190840 -4.793893
acc 11455 0.005371 1.008789 -0.034668
gyro 11455 0.458015 1.175573 -4.595420
acc 11467 -0.001709 1.013916 -0.041260
gyro 11467 0.106870 1.129771 -4.580153
acc 11479 0.005615 1.012451 -0.038818
gyro 11479 -0.534351 1.145038 -4.564886
acc 11490 0.008301 1.006592 -0.038818
gyro 11490 -0.259542 1.145038 -4.488550
acc 11502 0.003174 1.006836 -0.042480
gyro 11502 -0.366412 1.175573 -4.671756
acc 11514 0.004395 1.007080 -0.024902
gyro 11514 0.076336 1.022901 -4.732824
acc 11525 0.008789 1.000000 -0.037354
gyro 11525 0.015267 1.343511 -4.549618
acc 11537 0.003174 1.000488 -0.033691
gyro 11537 0.320611 1.450382 -4.793893
acc 11549 0.001221 0.999023 -0.037109
gyro 11549 0.229008 1.267176 -4.702290
acc 11560 0.003418 1.001709 -0.030029
gyro 11560 0.366412 1.236641 -4.519084
acc 11572 0.007324 1.008057 -0.043213
gyro 11572 0.396947 1.145038 -4.717557
acc 11584 0.000488 1.003174 -0.036621
gyro 11584 0.473282 1.175573 -4.763359
acc 11595 -0.000244 1.005127 -0.036621
gyro 11595 0.641221 1.358779 -4.503817
acc 11607 -0.001709 1.008789 -0.037109
gyro 11607 0.839695 1.465649 -4.717557
acc 11619 0.006348 1.012451 -0.038330
gyro 11619 0.900763 1.190840 -4.885496
acc 11630 0.001709 1.006348 -0.033936
gyro 11630 0.625954 1.175573 -4.687023
acc 11642 0.001709 1.005127 -0.037842
gyro 11642 0.030534 1.053435 -4.641222
acc 11654 0.008057 1.010498 -0.043945
gyro 11654 -0.030534 1.251908 -4.656488
acc 11665 0.006592 1.008789 -0.035889
gyro 11665 0.152672 1.297710 -4.687023
acc 11677 0.005615 1.011719 -0.037109
gyro 11677 -0.091603 1.251908 -4.595420
acc 11689 0.005615 1.012939 -0.028809
gyro 11689 0.000000 1.389313 -4.717557
acc 11700 0.003662 1.006836 -0.034912
gyro 11700 0.137405 1.236641 -4.641222
acc 11712 0.010498 1.002197 -0.037354
gyro 11712 0.412214 1.374046 -4.687023
acc 11724 0.009521 1.005615 -0.034424
gyro 11724 0.641221 1.251908 -4.656488
acc 11735 -0.000488 1.007812 -0.030029
gyro 11735 0.335878 1.312977 -4.916030
acc 11747 0.002197 1.006592 -0.030273
gyro 11747 0.458015 1.282443 -4.748092
acc 11759 -0.004395 1.012207 -0.030518
gyro 11759 0.335878 1.145038 -4.595420
acc 11770 -0.004883 1.007568 -0.036377
gyro 11770 0.396947 1.374046 -4.595420
acc 11782 0.004883 1.004883 -0.041992
gyro 11782 0.183206 1.282443 -4.946565
acc 11794 -0.003662 1.002441 -0.029785
gyro 11794 0.381679 1.206107 -4.671756
acc 11805 0.004150 1.010498 -0.040283
gyro 11805 0.183206 1.282443 -4.656488
acc 11817 0.000488 1.002441 -0.036621
gyro 11817 0.458015 1.526718 -4.748092
acc 11829 -0.001709 1.007812 -0.037842
gyro 11829 0.748092 1.358779 -4.564886
acc 11840 -0.002197 1.005615 -0.042725
gyro 11840 0.503817 1.297710 -4.488550
acc 11852 0.000244 1.010254 -0.040039
gyro 11852 0.427481 1.312977 -4.702290
acc 11864 -0.000488 1.006348 -0.033203
gyro 11864 0.335878 1.267176 -4.519084
acc 11875 0.004395 1.006592 -0.032471
gyro 11875 0.458015 1.251908 -4.717557
acc 11887 0.000977 1.006592 -0.040039
gyro 11887 0.244275 1.374046 -4.778626
acc 11899 0.009521 1.009766 -0.039551
gyro 11899 0.045802 1.114504 -4.519084
acc 11911 0.003662 1.007568 -0.039307
gyro 11911 -0.229008 0.961832 -4.412214
acc 11922 0.003662 1.005371 -0.035645
gyro 11922 0.183206 1.236641 -4.687023
acc 11934 0.001465 1.002441 -0.026855
gyro 11934 0.290076 1.160305 -4.564886
acc 11946 0.006348 1.008301 -0.044678
gyro 11946 0.366412 1.282443 -4.778626
acc 11957 -0.004395 1.005371 -0.044434
gyro 11957 0.381679 1.328244 -4.824428
acc 11969 0.005615 1.008545 -0.044434
gyro 11969 0.854962 1.435115 -4.854962
acc 11981 0.006348 1.005615 -0.043213
gyro 11981 0.259542 1.221374 -4.732824
acc 11992 0.005127 1.007568 -0.026367
gyro 11992 0.259542 1.175573 -4.534351
acc 12004 0.005615 1.004639 -0.031250
gyro 12004 0.183206 1.190840 -4.549618
acc 12016 -0.001709 0.999268 -0.033447
gyro 12016 0.442748 1.282443 -4.427481
acc 12027 0.006348 1.008789 -0.035156
gyro 12027 0.320611 1.129771 -4.717557
acc 12039 0.010010 1.003662 -0.028564
gyro 12039 0.687023 1.404580 -4.778626
acc 12051 0.000977 1.001709 -0.033447
gyro 12051 0.580153 1.541985 -4.687023
acc 12062 0.006104 1.012451 -0.039795
gyro 12062 0.641221 1.358779 -4.534351
acc 12074 0.004639 1.001465 -0.031494
gyro 12074 0.656489 1.175573 -4.595420
acc 12086 0.004395 1.006348 -0.044189
gyro 12086 0.320611 1.312977 -4.763359
acc 12097 0.002930 1.005615 -0.026123
gyro 12097 0.381679 1.282443 -4.671756
acc 12109 0.003662 1.011719 -0.034180
gyro 12109 0.244275 1.206107 -4.595420
acc 12121 0.005127 1.000000 -0.042236
gyro 12121 0.122137 1.145038 -4.503817
acc 12132 0.001221 1.006104 -0.036621
gyro 12132 0.030534 1.358779 -4.625954
acc 12144 0.006592 1.003662 -0.039062
gyro 12144 0.381679 1.435115 -4.519084
acc 12156 -0.002686 1.002441 -0.027344
gyro 12156 0.213740 1.236641 -4.625954
acc 12167 0.007080 1.003906 -0.034424
gyro 12167 0.396947 1.312977 -4.671756
acc 12179 0.005615 1.008789 -0.038330
gyro 12179 0.305344 1.465649 -4.793893
acc 12191 0.000977 1.004639 -0.041016
gyro 12191 0.702290 1.435115 -4.732824
acc 12202 0.006104 1.012939 -0.042725
gyro 12202 0.137405 1.206107 -4.641222
acc 12214 0.002686 1.010010 -0.032227
gyro 12214 0.488550 1.297710 -4.641222
acc 12226 0.001465 1.001953 -0.030762
gyro 12226 0.442748 1.114504 -4.793893
acc 12237 0.006592 1.001221 -0.033203
gyro 12237 0.442748 1.267176 -4.870229
acc 12249 0.001465 1.000000 -0.042236
gyro 12249 1.282443 1.526718 -4.595420
acc 12261 0.004395 1.005371 -0.041016
gyro 12261 1.251908 1.664122 -4.732824
acc 12272 0.001221 0.998779 -0.040527
gyro 12272 0.916031 1.343511 -4.732824
acc 12284 0.003418 1.007324 -0.042480
gyro 12284 0.641221 1.511450 -4.595420
acc 12296 0.004639 1.006348 -0.043213
gyro 12296 0.610687 1.419847 -4.809160
acc 12308 -0.003662 1.007080 -0.032471
gyro 12308 0.519084 1.282443 -4.702290
acc 12319 0.002686 0.999268 -0.040283
gyro 12319 0.809160 1.129771 -4.610687
acc 12331 -0.001953 1.004639 -0.042725
gyro 12331 0.167939 1.343511 -4.748092
acc 12343 0.003662 1.003662 -0.030029
gyro 12343 0.335878 1.145038 -4.580153
acc 12354 -0.002441 1.011719 -0.044922
gyro 12354 0.045802 1.206107 -4.534351
acc 12366 -0.001221 1.002930 -0.034912
gyro 12366 0.198473 1.160305 -4.580153
acc 12378 0.005859 1.005371 -0.029785
gyro 12378 0.244275 1.282443 -4.610687
acc 12389 0.001221 1.001465 -0.025635
gyro 12389 0.274809 1.175573 -4.580153
acc 12401 -0.001465 1.006836 -0.029297
gyro 12401 0.519084 1.083969 -4.580153
acc 12413 0.002197 1.002930 -0.031738
gyro 12413 0.885496 1.328244 -4.702290
acc 12424 0.001953 1.001709 -0.040527
gyro 12424 0.183206 1.282443 -4.564886
acc 12436 0.004883 1.004150 -0.040283
gyro 12436 0.229008 1.160305 -4.519084
acc 12448 -0.005615 1.010254 -0.037109
gyro 12448 0.412214 1.068702 -4.839694
acc 12459 0.002441 1.005371 -0.042480
gyro 12459 0.198473 1.129771 -4.809160
acc 12471 0.006104 1.008057 -0.032959
gyro 12471 0.854962 1.206107 -4.809160
acc 12483 -0.004639 1.006836 -0.046143
gyro 12483 0.854962 1.419847 -4.610687
acc 12494 -0.000244 1.007324 -0.042236
gyro 12494 0.503817 1.160305 -4.687023
acc 12506 0.000488 1.007568 -0.037598
gyro 12506 0.274809 1.114504 -4.610687
acc 12518 0.004639 1.005859 -0.040039
gyro 12518 0.091603 1.236641 -4.305344
acc 12529 0.007080 1.010010 -0.034912
gyro 12529 0.183206 1.267176 -4.702290
acc 12541 0.004883 1.005615 -0.039307
gyro 12541 0.519084 1.358779 -4.931298
acc 12553 0.001465 1.004150 -0.043701
gyro 12553 0.381679 1.190840 -4.641222
acc 12564 0.005615 1.005615 -0.035156
gyro 12564 0.167939 1.099237 -4.702290
acc 12576 0.001465 1.008789 -0.027100
gyro 12576 0.427481 1.419847 -4.503817
acc 12588 0.005371 1.002441 -0.027588
gyro 12588 0.244275 1.312977 -4.473282
acc 12599 0.000000 1.002441 -0.035156
gyro 12599 0.519084 1.114504 -4.839694
acc 12611 -0.001465 1.006836 -0.032959
gyro 12611 0.564885 1.251908 -4.702290
acc 12623 -0.002441 1.008789 -0.043213
gyro 12623 0.717557 1.129771 -4.916030
acc 12634 -0.003418 1.001465 -0.034424
gyro 12634 0.916031 1.404580 -4.595420
acc 12646 0.010010 1.004883 -0.049561
gyro 12646 0.213740 1.374046 -4.778626
acc 12658 0.004150 1.010254 -0.034912
gyro 12658 0.045802 0.961832 -4.687023
acc 12669 0.003418 1.015137 -0.036865
gyro 12669 0.045802 1.083969 -4.610687
acc 12681 0.002930 1.003418 -0.037109
gyro 12681 -0.213740 1.236641 -4.473282
acc 12693 0.008545 1.002197 -0.028564
gyro 12693 0.183206 1.374046 -4.595420
acc 12704 0.005615 1.003906 -0.038086
gyro 12704 0.503817 1.282443 -4.534351
acc 12716 0.005127 1.009033 -0.037109
gyro 12716 0.748092 1.389313 -4.732824
acc 12728 0.003662 1.004150 -0.040039
gyro 12728 0.809160 1.251908 -4.977099
acc 12740 0.007812 1.012695 -0.041992
gyro 12740 0.977099 1.129771 -4.717557
acc 12751 0.002930 1.002441 -0.030029
gyro 12751 0.671756 1.175573 -4.854962
acc 12763 0.005127 1.006836 -0.040283
gyro 12763 0.625954 1.267176 -4.656488
acc 12775 0.004639 1.005615 -0.041016
gyro 12775 0.488550 1.312977 -4.748092
acc 12786 -0.000977 1.012695 -0.046875
gyro 12786 -0.167939 1.251908 -4.458015
acc 12798 -0.002441 1.004150 -0.032959
gyro 12798 0.290076 1.312977 -4.595420
acc 12810 0.005127 1.008545 -0.036865
gyro 12810 -0.076336 1.007634 -4.641222
acc 12821 -0.002197 1.007812 -0.034424
gyro 12821 0.137405 1.282443 -4.335878
acc 12833 -0.000488 1.000732 -0.040039
gyro 12833 0.152672 1.129771 -4.427481
acc 12845 0.005127 1.009277 -0.054688
gyro 12845 0.519084 1.068702 -4.519084
acc 12856 -0.003174 1.008789 -0.032227
gyro 12856 -0.152672 1.312977 -4.412214
acc 12868 0.003418 1.002930 -0.043701
gyro 12868 0.320611 1.312977 -4.702290
acc 12880 0.002930 1.007812 -0.043701
gyro 12880 0.198473 1.160305 -4.656488
acc 12891 -0.001221 1.010010 -0.046387
gyro 12891 0.335878 1.206107 -4.595420
acc 12903 -0.002441 1.005859 -0.031006
gyro 12903 0.625954 1.267176 -4.732824
acc 12915 -0.002197 1.005127 -0.035400
gyro 12915 0.641221 1.343511 -4.732824
acc 12926 0.002930 1.009033 -0.030029
gyro 12926 0.702290 1.343511 -4.824428
acc 12938 0.002441 1.007324 -0.040527
gyro 12938 0.351145 1.145038 -4.824428
acc 12950 0.004883 1.012451 -0.043457
gyro 12950 0.305344 1.160305 -4.580153
acc 12961 0.000732 1.009766 -0.042480
gyro 12961 0.473282 1.374046 -4.641222
acc 12973 -0.000977 1.006836 -0.032471
gyro 12973 0.351145 1.282443 -4.519084
acc 12985 -0.001709 1.016602 -0.032959
gyro 12985 0.458015 1.190840 -4.641222
acc 12996 0.007324 1.001953 -0.034424
gyro 12996 0.534351 1.343511 -4.793893
acc 13008 0.002441 1.007324 -0.034180
gyro 13008 0.656489 1.236641 -4.717557
acc 13020 0.003662 1.003662 -0.029785
gyro 13020 0.335878 1.297710 -4.519084
acc 13031 0.007324 1.011963 -0.031982
gyro 13031 0.503817 1.267176 -4.687023
acc 13043 0.007324 1.007324 -0.022949
gyro 13043 0.076336 1.099237 -4.442748
acc 13055 -0.003418 1.011719 -0.037109
gyro 13055 0.656489 1.282443 -4.885496
acc 13066 0.004150 1.011230 -0.046387
gyro 13066 0.519084 1.236641 -4.625954
acc 13078 0.004150 1.006104 -0.043213
gyro 13078 0.183206 1.160305 -4.732824
acc 13090 0.003174 1.003662 -0.045898
gyro 13090 0.259542 1.282443 -4.595420
acc 13101 0.002930 1.008545 -0.039062
gyro 13101 0.091603 1.450382 -4.625954
acc 13113 0.001709 1.008057 -0.038086
gyro 13113 0.290076 1.389313 -4.824428
acc 13125 -0.000244 1.008057 -0.035156
gyro 13125 0.091603 1.160305 -4.488550
acc 13136 0.003174 1.005127 -0.033447
gyro 13136 0.213740 1.343511 -4.687023
acc 13148 0.003174 1.008545 -0.041992
gyro 13148 0.320611 1.297710 -4.687023
acc 13160 0.000000 1.009033 -0.036133
gyro 13160 0.396947 1.312977 -4.732824
acc 13171 -0.002441 1.003906 -0.036133
gyro 13171 0.732824 1.328244 -4.641222
acc 13183 0.010498 1.011963 -0.038330
gyro 13183 0.167939 1.282443 -4.702290
acc 13195 0.005859 1.006836 -0.041016
gyro 13195 0.290076 1.236641 -4.641222
acc 13207 -0.003906 1.006348 -0.041992
gyro 13207 0.442748 1.160305 -4.595420
acc 13218 0.005859 1.008789 -0.039307
gyro 13218 0.458015 1.160305 -4.595420
acc 13230 -0.002441 1.001953 -0.036377
gyro 13230 0.534351 1.022901 -4.687023
acc 13242 0.003662 1.008301 -0.035889
gyro 13242 0.473282 1.297710 -4.763359
acc 13253 0.001221 0.999023 -0.038818
gyro 13253 0.198473 1.083969 -4.519084
acc 13265 -0.005371 1.000977 -0.031006
gyro 13265 -0.061069 1.251908 -4.381680
acc 13277 0.003662 1.007324 -0.020508
gyro 13277 -0.076336 1.358779 -4.534351
acc 13288 0.001709 1.007324 -0.034912
gyro 13288 0.167939 1.114504 -4.503817
acc 13300 0.002197 1.008057 -0.031738
gyro 13300 0.351145 1.190840 -4.564886
acc 13312 -0.003174 1.002930 -0.031982
gyro 13312 -0.076336 1.267176 -4.595420
acc 13323 -0.000244 1.007812 -0.036621
gyro 13323 0.305344 1.389313 -4.610687
acc 13335 0.000488 1.002930 -0.024902
gyro 13335 0.244275 1.190840 -4.580153
acc 13347 0.003662 1.006104 -0.046387
gyro 13347 0.396947 1.114504 -4.549618
acc 13358 0.003174 1.005371 -0.035156
gyro 13358 0.366412 1.282443 -4.656488
acc 13370 -0.004395 1.004395 -0.033447
gyro 13370 0.534351 1.312977 -4.854962
acc 13382 0.003662 1.004395 -0.028320
gyro 13382 0.351145 1.297710 -4.778626
acc 13393 0.001221 1.006348 -0.035645
gyro 13393 0.335878 1.129771 -4.809160
acc 13405 -0.000244 1.003418 -0.037354
gyro 13405 0.427481 1.251908 -4.564886
acc 13417 0.003418 1.005371 -0.037598
gyro 13417 0.152672 1.175573 -4.732824
acc 13428 -0.000244 1.002930 -0.028320
gyro 13428 0.045802 1.129771 -4.687023
acc 13440 0.005859 1.006104 -0.036865
gyro 13440 0.167939 1.175573 -4.610687
acc 13452 0.006348 1.009521 -0.038086
gyro 13452 0.412214 1.328244 -4.687023
acc 13463 0.005371 1.007812 -0.035400
gyro 13463 0.763359 1.282443 -4.656488
acc 13475 0.004639 1.001709 -0.034912
gyro 13475 0.580153 1.099237 -4.641222
acc 13487 0.002441 1.004150 -0.045410
gyro 13487 -0.030534 0.854962 -4.442748
acc 13498 0.003662 1.002930 -0.038818
gyro 13498 -0.488550 1.022901 -4.442748
acc 13510 0.000732 1.007324 -0.030762
gyro 13510 -0.396947 0.885496 -4.503817
acc 13522 -0.000977 1.003662 -0.032227
gyro 13522 -0.488550 1.267176 -4.305344
acc 13533 0.000488 1.004639 -0.035156
gyro 13533 -0.045802 1.145038 -4.564886
acc 13545 0.000732 1.005127 -0.033936
gyro 13545 0.335878 1.282443 -4.702290
acc 13557 0.001709 0.998291 -0.035645
gyro 13557 1.038168 1.343511 -4.732824
acc 13568 0.008789 1.004639 -0.031738
gyro 13568 0.839695 1.374046 -4.809160
acc 13580 0.004883 1.001465 -0.033936
gyro 13580 0.793893 1.404580 -4.793893
acc 13592 -0.001709 1.005859 -0.040771
gyro 13592 0.824427 1.267176 -4.778626
acc 13603 0.005127 1.009277 -0.037354
gyro 13603 0.702290 1.221374 -4.839694
acc 13615 0.000732 1.008545 -0.037354
gyro 13615 0.549618 1.267176 -4.809160
acc 13627 0.000244 1.005371 -0.042236
gyro 13627 0.335878 0.961832 -4.641222
acc 13638 0.004883 1.004395 -0.033203
gyro 13638 0.152672 1.145038 -4.625954
acc 13650 0.000488 1.007080 -0.028076
gyro 13650 0.122137 1.129771 -4.580153
acc 13662 0.008789 1.008545 -0.032715
gyro 13662 0.335878 1.221374 -4.595420
acc 13673 0.001709 1.010254 -0.032959
gyro 13673 0.305344 1.419847 -4.625954
acc 13685 0.001709 1.006348 -0.031738
gyro 13685 0.305344 1.404580 -4.687023
acc 13697 0.000732 1.003418 -0.033691
gyro 13697 0.763359 1.419847 -4.977099
acc 13708 -0.000244 1.002686 -0.041992
gyro 13708 0.946565 1.343511 -4.839694
acc 13720 0.006104 1.009766 -0.034668
gyro 13720 0.885496 1.526718 -4.687023
acc 13732 0.002441 1.008545 -0.038574
gyro 13732 0.580153 1.328244 -4.595420
acc 13744 0.006836 1.007080 -0.027832
gyro 13744 0.366412 1.251908 -4.458015
acc 13755 -0.003418 1.003906 -0.039307
gyro 13755 0.229008 1.083969 -4.625954