acc 2060 0.039551 -0.002197 0.971191
gyro 2060 0.198473 1.114504 -4.396946
acc 2072 0.034180 -0.005615 0.964600
gyro 2072 0.473282 1.282443 -4.335878
acc 2083 0.034912 0.000488 0.971924
gyro 2083 0.488550 1.358779 -4.427481
acc 2095 0.031494 0.002441 0.966553
gyro 2095 0.259542 1.374046 -4.396946
acc 2107 0.036377 -0.008301 0.964355
gyro 2107 0.381679 1.297710 -4.427481
acc 2118 0.033691 0.014160 0.965820
gyro 2118 0.366412 1.190840 -4.335878
acc 2130 0.035889 0.002686 0.982666
gyro 2130 0.412214 1.114504 -4.458015
acc 2142 0.032471 0.003418 0.976074
gyro 2142 0.442748 1.221374 -4.305344
acc 2154 0.034180 0.002930 0.968994
gyro 2154 0.335878 1.465649 -4.396946
acc 2165 0.044189 0.001221 0.977051
gyro 2165 0.580153 1.328244 -4.351145
acc 2177 0.035889 -0.003662 0.967285
gyro 2177 0.381679 1.312977 -4.381680
acc 2189 0.036621 -0.000732 0.970459
gyro 2189 0.274809 1.312977 -4.320611
acc 2200 0.033936 -0.000488 0.977539
gyro 2200 0.473282 1.267176 -4.519084
acc 2212 0.035889 0.003662 0.972900
gyro 2212 0.458015 1.251908 -4.320611
acc 2224 0.034424 0.000244 0.975830
gyro 2224 0.366412 1.221374 -4.396946
acc 2236 0.032471 0.003174 0.970947
gyro 2236 0.305344 1.236641 -4.366412
acc 2247 0.034424 0.002930 0.970947
gyro 2247 0.473282 1.404580 -4.259542
acc 2259 0.041748 0.003906 0.967773
gyro 2259 0.320611 1.480916 -4.259542
acc 2271 0.039307 0.002686 0.975342
gyro 2271 0.396947 1.343511 -4.244275
acc 2282 0.039795 0.008301 0.975342
gyro 2282 0.351145 1.419847 -4.427481
acc 2294 0.040527 0.000488 0.976562
gyro 2294 0.381679 1.419847 -4.381680
acc 2306 0.031494 0.005615 0.973877
gyro 2306 0.381679 1.389313 -4.442748
acc 2317 0.041748 -0.000244 0.973633
gyro 2317 0.488550 1.236641 -4.213740
acc 2329 0.033447 -0.000244 0.973633
gyro 2329 0.259542 1.190840 -4.442748
acc 2341 0.031006 0.000732 0.981689
gyro 2341 0.442748 1.251908 -4.366412
acc 2353 0.037354 -0.003418 0.965332
gyro 2353 0.442748 1.343511 -4.335878
acc 2364 0.038818 0.000732 0.982910
gyro 2364 0.320611 1.236641 -4.366412
acc 2376 0.036621 -0.004639 0.976807
gyro 2376 0.442748 1.282443 -4.320611
acc 2388 0.035400 -0.000244 0.969238
gyro 2388 0.259542 1.343511 -4.396946
acc 2399 0.037109 0.000488 0.974609
gyro 2399 0.366412 1.236641 -4.290076
acc 2411 0.039795 -0.001221 0.979492
gyro 2411 0.503817 1.389313 -4.366412
acc 2423 0.040527 0.002197 0.965820
gyro 2423 0.305344 1.358779 -4.320611
acc 2435 0.041748 0.001709 0.968750
gyro 2435 0.458015 1.206107 -4.427481
acc 2446 0.032471 -0.002930 0.973877
gyro 2446 0.259542 1.267176 -4.412214
acc 2458 0.031250 -0.000488 0.972656
gyro 2458 0.366412 1.297710 -4.381680
acc 2470 0.034912 0.002197 0.971436
gyro 2470 0.396947 1.419847 -4.473282
acc 2481 0.038086 0.001465 0.970215
gyro 2481 0.351145 1.175573 -4.351145
acc 2493 0.037109 0.001709 0.974121
gyro 2493 0.458015 1.404580 -4.580153
acc 2505 0.037842 0.002441 0.975830
gyro 2505 0.366412 1.251908 -4.412214
acc 2517 0.038086 0.007568 0.973877
gyro 2517 0.595420 1.267176 -4.488550
acc 2528 0.033447 0.001953 0.961914
gyro 2528 0.458015 1.374046 -4.137404
acc 2540 0.037109 -0.000732 0.970703
gyro 2540 0.473282 1.328244 -4.488550
acc 2552 0.041748 0.000732 0.968994
gyro 2552 0.290076 1.328244 -4.687023
acc 2563 0.036865 0.000977 0.967041
gyro 2563 0.458015 1.404580 -4.274809
acc 2575 0.032959 0.000000 0.968994
gyro 2575 0.335878 1.358779 -4.305344
acc 2587 0.036621 0.003174 0.963867
gyro 2587 0.335878 1.358779 -4.335878
acc 2599 0.034424 -0.000977 0.973145
gyro 2599 0.412214 1.450382 -4.274809
acc 2610 0.038574 0.005371 0.967285
gyro 2610 0.396947 1.343511 -4.122138
acc 2622 0.031982 0.001465 0.959717
gyro 2622 0.259542 1.221374 -4.366412
acc 2634 0.035889 -0.000977 0.969727
gyro 2634 0.335878 1.312977 -4.351145
acc 2645 0.033447 0.003174 0.963379
gyro 2645 0.351145 1.465649 -4.351145
acc 2657 0.032471 0.002930 0.967041
gyro 2657 0.259542 1.496183 -4.473282
acc 2669 0.037109 0.000244 0.973877
gyro 2669 0.473282 1.404580 -4.412214
acc 2681 0.031006 0.000977 0.968750
gyro 2681 0.412214 1.480916 -4.503817
acc 2692 0.039551 0.004883 0.972900
gyro 2692 0.290076 1.312977 -4.167939
acc 2704 0.033936 -0.006592 0.967773
gyro 2704 0.244275 1.435115 -4.290076
acc 2716 0.034668 -0.006104 0.973145
gyro 2716 0.488550 1.312977 -4.396946
acc 2727 0.036621 0.006348 0.977295
gyro 2727 0.458015 1.389313 -4.198473
acc 2739 0.039551 0.002197 0.969482
gyro 2739 0.305344 1.236641 -4.244275
acc 2751 0.036621 -0.002441 0.970947
gyro 2751 0.381679 1.328244 -4.473282
acc 2763 0.033691 0.001953 0.963623
gyro 2763 0.366412 1.328244 -4.320611
acc 2774 0.033203 0.000732 0.964111
gyro 2774 0.305344 1.511450 -4.259542
acc 2786 0.038086 0.002930 0.962402
gyro 2786 0.442748 1.374046 -4.381680
acc 2798 0.034912 -0.000488 0.972412
gyro 2798 0.305344 1.236641 -4.335878
acc 2809 0.031006 0.000488 0.968750
gyro 2809 0.473282 1.297710 -4.427481
acc 2821 0.042480 0.001221 0.973145
gyro 2821 0.335878 1.480916 -4.396946
acc 2833 0.033203 -0.000488 0.982422
gyro 2833 0.274809 1.312977 -4.244275
acc 2845 0.033691 -0.003418 0.975586
gyro 2845 0.366412 1.236641 -4.213740
acc 2856 0.038574 -0.004883 0.967041
gyro 2856 0.213740 1.099237 -4.213740
acc 2868 0.041260 0.003418 0.966309
gyro 2868 0.458015 1.251908 -4.229008
acc 2880 0.036865 -0.000488 0.968262
gyro 2880 0.320611 1.099237 -4.274809
acc 2891 0.035889 0.004639 0.969238
gyro 2891 0.244275 1.389313 -4.244275
acc 2903 0.035400 0.006348 0.966064
gyro 2903 0.473282 1.511450 -4.519084
acc 2915 0.031006 0.009277 0.976562
gyro 2915 0.213740 1.511450 -4.259542
acc 2927 0.036377 0.001953 0.966553
gyro 2927 0.427481 1.435115 -4.167939
acc 2938 0.036377 0.008545 0.978516
gyro 2938 0.290076 1.450382 -4.290076
acc 2950 0.031738 0.002930 0.974365
gyro 2950 0.381679 1.465649 -4.458015
acc 2962 0.033691 -0.001465 0.975342
gyro 2962 0.427481 1.175573 -4.213740
acc 2973 0.033447 -0.002686 0.977539
gyro 2973 0.351145 1.282443 -4.259542
acc 2985 0.033691 -0.001953 0.977295
gyro 2985 0.519084 1.160305 -4.213740
acc 2997 0.037598 0.001709 0.969482
gyro 2997 0.335878 1.068702 -4.351145
acc 3009 0.033691 0.002197 0.964111
gyro 3009 0.335878 1.282443 -4.381680
acc 3020 0.043945 0.002686 0.963135
gyro 3020 0.442748 1.450382 -4.381680
acc 3032 0.039551 0.003418 0.984375
gyro 3032 0.381679 1.312977 -4.244275
acc 3044 0.035645 -0.000977 0.965332
gyro 3044 0.427481 1.145038 -4.229008
acc 3055 0.037842 0.000244 0.961670
gyro 3055 0.427481 1.175573 -4.335878
acc 3067 0.035645 0.004150 0.970215
gyro 3067 0.290076 1.267176 -4.381680
acc 3079 0.035156 0.001221 0.973389
gyro 3079 0.519084 1.480916 -4.320611
acc 3091 0.029297 0.002197 0.972168
gyro 3091 0.274809 1.328244 -4.335878
acc 3102 0.034668 -0.001221 0.973389
gyro 3102 0.305344 1.358779 -4.427481
acc 3114 0.041992 -0.000488 0.970459
gyro 3114 0.320611 1.557252 -4.396946
acc 3126 0.038330 -0.000244 0.967773
gyro 3126 0.320611 1.496183 -4.274809
acc 3137 0.032959 0.000488 0.976318
gyro 3137 0.412214 1.480916 -4.305344
acc 3149 0.033691 0.002197 0.964600
gyro 3149 0.351145 1.511450 -4.244275
acc 3161 0.039551 0.009766 0.969727
gyro 3161 0.473282 1.206107 -4.152672
acc 3173 0.035889 -0.004639 0.980957
gyro 3173 0.259542 1.358779 -4.274809
acc 3184 0.037842 0.004883 0.969727
gyro 3184 0.458015 1.312977 -4.305344
acc 3196 0.033203 0.002686 0.969727
gyro 3196 0.412214 1.236641 -4.137404
acc 3208 0.036377 -0.005615 0.971191
gyro 3208 0.320611 1.480916 -4.290076
acc 3219 0.035645 -0.000244 0.976807
gyro 3219 0.396947 1.145038 -4.412214
acc 3231 0.031982 -0.000488 0.975098
gyro 3231 0.427481 1.129771 -4.320611
acc 3243 0.046143 -0.002441 0.968994
gyro 3243 0.396947 0.900763 -4.335878
acc 3255 -0.063477 -0.005371 0.915283
gyro 3255 0.259542 1.511450 -4.442748
acc 3266 0.036621 0.002197 0.981934
gyro 3266 0.290076 1.114504 -4.381680
acc 3278 0.024414 0.005615 0.964111
gyro 3278 0.381679 0.854962 -4.183206
acc 3290 0.036621 -0.003418 0.975098
gyro 3290 0.259542 1.664122 -4.213740
acc 3301 0.040039 -0.004150 0.981689
gyro 3301 0.244275 1.312977 -4.381680
acc 3313 0.038818 0.000000 0.964844
gyro 3313 0.488550 1.282443 -4.213740
acc 3325 0.037354 -0.000488 0.966797
gyro 3325 0.167939 1.465649 -4.183206
acc 3337 0.027588 -0.001709 0.972900
gyro 3337 0.427481 1.435115 -4.381680
acc 3348 0.033691 -0.000732 0.976562
gyro 3348 0.396947 1.267176 -4.519084
acc 3360 0.039551 0.000244 0.978516
gyro 3360 0.366412 1.236641 -4.381680
acc 3372 0.033203 -0.005859 0.963867
gyro 3372 0.229008 1.358779 -4.381680
acc 3383 0.038330 0.002686 0.970947
gyro 3383 0.320611 1.221374 -4.335878
acc 3395 0.040283 -0.002441 0.970459
gyro 3395 0.427481 1.267176 -4.290076
acc 3407 0.040283 -0.000977 0.973389
gyro 3407 0.381679 1.190840 -4.351145
acc 3419 0.038330 0.000488 0.970703
gyro 3419 0.351145 1.083969 -4.366412
acc 3430 0.040771 0.002686 0.970947
gyro 3430 0.549618 1.328244 -4.366412
acc 3442 0.034912 -0.000244 0.978516
gyro 3442 0.290076 1.145038 -4.396946
acc 3454 0.031006 -0.004150 0.963135
gyro 3454 0.503817 1.145038 -4.351145
acc 3465 0.032715 -0.001221 0.974854
gyro 3465 0.458015 1.297710 -4.229008
acc 3477 0.039551 0.000977 0.973633
gyro 3477 0.351145 1.190840 -4.488550
acc 3489 0.031250 0.007080 0.976074
gyro 3489 0.427481 1.282443 -4.351145
acc 3500 0.037598 0.000244 0.973633
gyro 3500 0.458015 1.267176 -4.259542
acc 3512 0.043457 0.003418 0.968018
gyro 3512 0.412214 1.328244 -4.381680
acc 3524 0.039795 -0.000244 0.975830
gyro 3524 0.549618 1.419847 -4.427481
acc 3536 0.033936 0.001465 0.971680
gyro 3536 0.442748 1.374046 -4.259542
acc 3547 0.038574 -0.002441 0.976318
gyro 3547 0.442748 1.419847 -4.183206
acc 3559 0.041016 0.008545 0.975342
gyro 3559 0.458015 1.312977 -4.229008
acc 3571 0.032227 0.007080 0.985352
gyro 3571 0.427481 1.312977 -4.381680
acc 3582 0.035156 0.000244 0.974854
gyro 3582 0.427481 1.435115 -4.366412
acc 3594 0.035889 0.006348 0.977539
gyro 3594 0.274809 1.343511 -4.503817
acc 3606 0.035889 -0.000732 0.964844
gyro 3606 0.381679 1.541985 -4.534351
acc 3618 0.036865 0.003174 0.978760
gyro 3618 0.381679 1.328244 -4.396946
acc 3629 0.039062 -0.004639 0.975342
gyro 3629 0.381679 1.206107 -4.259542
acc 3641 0.036621 0.000244 0.972412
gyro 3641 0.366412 1.389313 -4.244275
acc 3653 0.034668 0.000244 0.980225
gyro 3653 0.488550 1.282443 -4.259542
acc 3664 0.032959 0.005615 0.974121
gyro 3664 0.335878 1.358779 -4.305344
acc 3676 0.039551 0.001221 0.971436
gyro 3676 0.213740 1.404580 -4.335878
acc 3688 0.035156 0.003418 0.970703
gyro 3688 0.396947 1.312977 -4.366412
acc 3700 0.039795 -0.000732 0.962646
gyro 3700 0.458015 1.450382 -4.366412
acc 3711 0.034668 0.005371 0.977051
gyro 3711 0.473282 1.450382 -4.351145
acc 3723 0.031006 -0.001709 0.974854
gyro 3723 0.488550 1.374046 -4.519084
acc 3735 0.032959 -0.000244 0.972412
gyro 3735 0.412214 1.404580 -4.595420
acc 3746 0.045410 -0.000977 0.973633
gyro 3746 0.381679 1.297710 -4.534351
acc 3758 0.038330 -0.004150 0.967529
gyro 3758 0.366412 1.312977 -4.519084
acc 3770 0.033936 0.000488 0.979004
gyro 3770 0.305344 1.358779 -4.244275
acc 3782 0.037354 -0.002930 0.964600
gyro 3782 0.519084 1.343511 -4.290076
acc 3793 0.035889 0.004883 0.966309
gyro 3793 0.412214 1.328244 -4.534351
acc 3805 0.044434 -0.001221 0.972412
gyro 3805 0.427481 1.419847 -4.335878
acc 3817 0.036621 0.003174 0.977295
gyro 3817 0.458015 1.282443 -4.412214
acc 3828 0.038330 0.003906 0.981689
gyro 3828 0.519084 1.236641 -4.244275
acc 3840 0.041992 0.007080 0.977295
gyro 3840 0.412214 1.221374 -4.595420
acc 3852 0.036621 0.003906 0.974121
gyro 3852 0.290076 1.374046 -4.351145
acc 3864 0.039062 0.000488 0.980469
gyro 3864 0.290076 1.465649 -4.396946
acc 3875 0.032471 -0.000732 0.967529
gyro 3875 0.381679 1.251908 -4.351145
acc 3887 0.042480 0.001465 0.974609
gyro 3887 0.366412 1.236641 -4.427481
acc 3899 0.032471 -0.004639 0.984863
gyro 3899 0.351145 1.450382 -4.396946
acc 3910 0.036621 0.002686 0.964355
gyro 3910 0.442748 1.236641 -4.290076
acc 3922 0.037598 0.003906 0.973633
gyro 3922 0.244275 1.236641 -4.488550
acc 3934 0.036377 -0.002686 0.967041
gyro 3934 0.458015 1.312977 -4.396946
acc 3945 0.038330 0.000732 0.969727
gyro 3945 0.412214 1.541985 -4.458015
acc 3957 0.044189 -0.002441 0.968994
gyro 3957 0.259542 1.374046 -4.732824
acc 3969 0.036377 0.003418 0.981689
gyro 3969 0.274809 1.267176 -4.442748
acc 3981 0.040527 0.009521 0.967529
gyro 3981 0.427481 1.267176 -4.442748
acc 3992 0.035645 0.001221 0.968506
gyro 3992 0.351145 1.297710 -4.366412
acc 4004 0.038330 0.005127 0.977051
gyro 4004 0.259542 1.312977 -4.458015
acc 4016 0.038574 -0.004639 0.966309
gyro 4016 0.244275 1.328244 -4.259542
acc 4028 0.031006 -0.003418 0.968506
gyro 4028 0.106870 1.374046 -4.427481
acc 4039 0.034424 0.001953 0.976074
gyro 4039 0.473282 1.511450 -4.305344
acc 4051 0.034180 0.001465 0.967773
gyro 4051 0.381679 1.435115 -4.473282
acc 4063 0.032959 0.008057 0.973633
gyro 4063 0.351145 1.343511 -4.198473
acc 4074 0.038330 0.010010 0.974365
gyro 4074 0.366412 1.343511 -4.152672
acc 4086 0.037598 0.007080 0.978027
gyro 4086 0.320611 1.328244 -4.351145
acc 4098 0.038574 0.007080 0.976074
gyro 4098 0.473282 1.358779 -4.580153
acc 4110 0.032959 -0.000732 0.969727
gyro 4110 0.458015 1.312977 -4.335878
acc 4121 0.034424 0.004639 0.970703
gyro 4121 0.198473 1.358779 -4.549618
acc 4133 0.030029 -0.002197 0.971191
gyro 4133 0.335878 1.267176 -4.274809
acc 4145 0.038330 0.002197 0.971924
gyro 4145 0.396947 1.221374 -4.213740
acc 4156 0.041260 -0.001465 0.972900
gyro 4156 0.335878 0.961832 -4.229008
acc 4168 0.037109 0.002686 0.977539
gyro 4168 0.320611 1.404580 -4.152672
acc 4180 0.037598 0.003174 0.974121
gyro 4180 0.305344 1.297710 -4.259542
acc 4191 0.028076 0.001221 0.983154
gyro 4191 0.564885 1.190840 -4.259542
acc 4203 0.030762 0.005615 0.972900
gyro 4203 0.290076 1.251908 -4.015267
acc 4215 0.039307 0.004150 0.963135
gyro 4215 0.564885 1.297710 -4.335878
acc 4227 0.032959 0.000244 0.970215
gyro 4227 0.396947 1.374046 -4.610687
acc 4238 0.035156 0.002930 0.971680
gyro 4238 0.412214 1.328244 -4.244275
acc 4250 0.040039 0.002686 0.975342
gyro 4250 0.335878 1.312977 -4.152672
acc 4262 0.036133 -0.001953 0.970215
gyro 4262 0.442748 1.435115 -4.335878
acc 4274 0.035156 0.001953 0.967529
gyro 4274 0.396947 1.297710 -4.305344
acc 4285 0.041016 0.002686 0.970703
gyro 4285 0.290076 1.389313 -4.412214
acc 4297 0.037598 -0.001709 0.975586
gyro 4297 0.381679 1.480916 -4.320611
acc 4309 0.037842 0.000244 0.962891
gyro 4309 0.458015 1.312977 -4.106870
acc 4320 0.032715 -0.001221 0.965820
gyro 4320 0.351145 1.267176 -4.274809
acc 4332 0.034180 0.000977 0.975586
gyro 4332 0.244275 1.541985 -4.335878
acc 4344 0.032959 -0.004883 0.973633
gyro 4344 0.442748 1.358779 -4.167939
acc 4356 0.034424 0.000000 0.983887
gyro 4356 0.473282 1.251908 -4.381680
acc 4367 0.033936 0.000488 0.980225
gyro 4367 0.381679 1.389313 -4.335878
acc 4379 0.037598 0.000488 0.972168
gyro 4379 0.259542 1.221374 -4.595420
acc 4391 0.029785 -0.002686 0.975098
gyro 4391 0.351145 1.236641 -4.366412
acc 4402 0.043213 -0.003906 0.975098
gyro 4402 0.412214 1.267176 -4.458015
acc 4414 0.031494 0.004395 0.969482
gyro 4414 0.442748 1.374046 -4.488550
acc 4426 0.035156 -0.002686 0.967529
gyro 4426 0.534351 1.419847 -4.427481
acc 4438 0.036377 0.005859 0.969482
gyro 4438 0.412214 1.297710 -4.610687
acc 4449 0.042236 0.004639 0.982666
gyro 4449 0.335878 1.343511 -4.351145
acc 4461 0.036133 0.003906 0.967529
gyro 4461 0.274809 1.450382 -4.427481
acc 4473 0.035889 -0.001465 0.971924
gyro 4473 0.259542 1.557252 -4.320611
acc 4484 0.035645 0.002441 0.967041
gyro 4484 0.473282 1.541985 -4.183206
acc 4496 0.038818 -0.000732 0.975586
gyro 4496 0.244275 1.358779 -4.244275
acc 4508 0.036133 -0.000977 0.972412
gyro 4508 0.366412 1.267176 -4.290076
acc 4520 0.029785 -0.003906 0.970215
gyro 4520 0.351145 1.190840 -4.061069
acc 4531 0.045410 0.000977 0.977783
gyro 4531 0.488550 1.511450 -4.412214
acc 4543 0.040039 0.001465 0.970215
gyro 4543 0.198473 1.190840 -4.442748
acc 4555 0.036377 -0.003662 0.971924
gyro 4555 0.305344 1.160305 -4.396946
acc 4566 0.032471 0.003418 0.968506
gyro 4566 0.213740 1.312977 -4.396946
acc 4578 0.047363 -0.000977 0.971924
gyro 4578 0.442748 1.175573 -4.183206
acc 4590 0.034912 0.007812 0.971924
gyro 4590 0.366412 1.328244 -4.473282
acc 4602 0.034424 0.000977 0.981445
gyro 4602 0.366412 1.328244 -4.320611
acc 4613 0.035400 -0.001221 0.981445
gyro 4613 0.534351 1.221374 -4.442748
acc 4625 0.035889 0.002197 0.971924
gyro 4625 0.351145 1.175573 -4.503817
acc 4637 0.035156 0.005127 0.969482
gyro 4637 0.396947 1.206107 -4.381680
acc 4648 0.034180 -0.000244 0.982910
gyro 4648 0.381679 1.221374 -4.366412
acc 4660 0.034180 0.001465 0.970703
gyro 4660 0.458015 1.251908 -4.427481
acc 4672 0.034180 -0.002686 0.966797
gyro 4672 0.320611 1.343511 -4.396946
acc 4684 0.035889 0.000977 0.974609
gyro 4684 0.259542 1.221374 -4.305344
acc 4695 0.039795 0.000977 0.976562
gyro 4695 0.488550 1.343511 -4.366412
acc 4707 0.041992 0.006836 0.969238
gyro 4707 0.122137 1.206107 -4.259542
acc 4719 0.033203 -0.000977 0.973633
gyro 4719 0.381679 1.206107 -4.045802
acc 4730 0.033447 0.006836 0.972412
gyro 4730 0.458015 1.083969 -4.335878
acc 4742 0.043213 -0.001709 0.968506
gyro 4742 0.290076 1.099237 -4.305344
acc 4754 0.036621 0.002197 0.980713
gyro 4754 0.488550 1.114504 -4.290076
acc 4766 0.034912 -0.001953 0.975830
gyro 4766 0.290076 1.038168 -4.351145
acc 4777 0.036865 -0.000732 0.975830
gyro 4777 0.290076 0.977099 -4.503817
acc 4789 0.036377 -0.002197 0.977295
gyro 4789 0.320611 1.145038 -4.290076
acc 4801 0.038574 -0.000488 0.973389
gyro 4801 0.335878 0.931298 -4.458015
acc 4812 0.038086 0.001465 0.969971
gyro 4812 0.366412 0.977099 -4.687023
acc 4824 0.037842 0.000977 0.968994
gyro 4824 0.152672 1.038168 -4.641222
acc 4836 -0.207520 -0.295898 0.940918
gyro 4836 -0.580153 3.419847 -21.480917
acc 4847 0.079102 0.031982 1.001709
gyro 4847 -0.091603 1.404580 -38.916031
acc 4859 0.075928 0.132324 0.943604
gyro 4859 0.229008 0.015267 -46.167938
acc 4871 0.166260 0.127197 1.001709
gyro 4871 -0.106870 1.007634 -34.274811
acc 4883 0.042969 -0.018311 0.966553
gyro 4883 -0.717557 1.664122 -19.603054
acc 4894 -0.063965 -0.105713 0.932373
gyro 4894 0.305344 2.030534 -56.091602
acc 4906 0.166016 0.070068 0.987305
gyro 4906 -0.763359 1.114504 -36.137405
acc 4918 0.047363 0.086914 0.979492
gyro 4918 0.610687 2.152672 -28.885496
acc 4929 0.064453 0.008545 0.983887
gyro 4929 -0.793893 1.603053 -50.335876
acc 4941 0.059570 -0.062744 0.976074
gyro 4941 0.351145 1.282443 -32.687023
acc 4953 0.020752 -0.161133 0.953613
gyro 4953 0.320611 1.221374 -25.404581
acc 4965 -0.043213 0.003418 0.964600
gyro 4965 -0.717557 0.458015 -45.664124
acc 4976 0.116943 -0.015625 0.970459
gyro 4976 0.137405 0.824427 -30.625954
acc 4988 0.022217 -0.232178 0.955322
gyro 4988 0.076336 1.282443 -38.503819
acc 5000 0.005615 -0.030518 0.979248
gyro 5000 -0.076336 2.198473 -30.503817
acc 5011 0.064209 -0.008057 0.981689
gyro 5011 0.137405 1.160305 -23.419847
acc 5023 0.082520 0.015869 0.978516
gyro 5023 0.259542 1.328244 -30.106871
acc 5035 -0.016846 -0.112549 0.972412
gyro 5035 0.137405 1.282443 -27.083969
acc 5046 0.036865 0.056396 0.957764
gyro 5046 0.030534 0.977099 -24.702290
acc 5058 0.075439 0.034180 0.970703
gyro 5058 -0.183206 1.832061 -18.320610
acc 5070 0.062012 0.006104 0.970459
gyro 5070 -0.030534 1.755725 -13.908397
acc 5082 -0.008789 -0.105225 0.971191
gyro 5082 0.305344 0.961832 -21.648855
acc 5093 0.071777 0.029785 0.978271
gyro 5093 -0.427481 1.114504 -29.053434
acc 5105 0.057861 -0.013916 0.965332
gyro 5105 0.122137 1.938931 -22.351145
acc 5117 0.088623 0.017578 0.984619
gyro 5117 0.549618 1.496183 -23.374046
acc 5128 -0.044678 -0.089111 0.972412
gyro 5128 0.442748 1.190840 -34.564884
acc 5140 0.048828 0.028320 0.971191
gyro 5140 0.045802 1.389313 -30.335878
acc 5152 0.089111 0.087891 0.974609
gyro 5152 -0.167939 1.755725 -22.641222
acc 5163 0.037598 -0.057617 0.969238
gyro 5163 -0.045802 1.358779 -17.847328
acc 5175 0.085205 0.129150 0.971680
gyro 5175 0.091603 1.099237 -19.938931
acc 5187 -0.039551 -0.094238 0.968994
gyro 5187 -0.167939 2.595420 -31.664122
acc 5199 0.027832 -0.023193 0.979004
gyro 5199 -0.030534 1.572519 -20.641222
acc 5210 0.005127 -0.043213 0.962891
gyro 5210 -0.335878 1.175573 -37.587788
acc 5222 0.019043 -0.044434 0.972412
gyro 5222 0.122137 1.847328 -21.435114
acc 5234 0.101074 0.137695 0.982422
gyro 5234 0.015267 0.992366 -26.656488
acc 5245 0.072998 -0.034180 0.979004
gyro 5245 0.717557 0.610687 -34.366413
acc 5257 0.046143 -0.034668 0.966309
gyro 5257 0.015267 1.603053 -15.526717
acc 5269 0.035156 0.022705 0.960449
gyro 5269 -0.381679 1.175573 -18.854961
acc 5281 0.015869 -0.007568 0.987793
gyro 5281 -0.198473 1.984733 -31.801527
acc 5292 0.049561 -0.043701 0.969238
gyro 5292 0.137405 1.160305 -22.778625
acc 5304 0.037598 -0.017822 0.968506
gyro 5304 0.503817 1.725191 -17.221375
acc 5316 0.003662 0.109131 0.970703
gyro 5316 0.274809 1.435115 -32.687023
acc 5327 0.051514 0.040527 0.978516
gyro 5327 0.427481 1.816794 -15.725191
acc 5339 0.033691 -0.000732 0.961670
gyro 5339 0.244275 1.633588 -14.748092
acc 5351 0.033447 0.024902 0.980713
gyro 5351 0.137405 1.526718 -9.847328
acc 5362 0.034424 0.002686 0.974854
gyro 5362 0.366412 1.282443 -6.061069
acc 5374 0.032471 -0.003418 0.974365
gyro 5374 0.213740 1.297710 -5.770992
acc 5386 0.052002 -0.129639 0.975586
gyro 5386 0.274809 0.854962 -17.648855
acc 5398 0.084961 0.118164 0.954834
gyro 5398 -0.290076 0.641221 -35.007633
acc 5409 0.035889 -0.066895 0.978271
gyro 5409 0.106870 2.076336 -25.770992
acc 5421 0.049561 -0.022705 0.985840
gyro 5421 -0.045802 1.923664 -22.076336
acc 5433 0.047607 0.077637 0.987549
gyro 5433 -0.076336 1.389313 -19.541985
acc 5444 0.002930 -0.042969 0.979248
gyro 5444 -0.656489 2.351145 -26.656488
acc 5456 0.020020 -0.085449 0.966309
gyro 5456 -0.274809 1.541985 -29.129770
acc 5468 0.036865 0.050049 0.962891
gyro 5468 0.167939 1.053435 -23.297710
acc 5480 0.050293 0.007080 0.973389
gyro 5480 -0.015267 0.916031 -16.061069
acc 5491 0.021240 0.035400 0.959961
gyro 5491 0.015267 0.870229 -14.824428
acc 5503 -0.006836 -0.052979 0.960205
gyro 5503 -0.030534 1.587786 -33.221375
acc 5515 0.023193 0.000488 0.968506
gyro 5515 0.122137 1.297710 -26.854961
acc 5526 0.046143 -0.011230 0.969971
gyro 5526 -0.549618 1.480916 -25.129770
acc 5538 0.033203 -0.058594 0.982666
gyro 5538 -0.015267 0.839695 -37.312977
acc 5550 0.032715 0.015137 0.975098
gyro 5550 -0.015267 1.435115 -26.824427
acc 5561 0.059814 0.013672 0.970703
gyro 5561 0.152672 1.068702 -24.213741
acc 5573 -0.001465 -0.087402 0.968994
gyro 5573 -0.015267 2.809160 -29.419847
acc 5585 0.268799 0.400635 1.027832
gyro 5585 -1.114504 0.732824 -38.290077
acc 5597 0.061523 0.115723 0.941162
gyro 5597 -0.977099 -2.519084 -36.564884
acc 5608 0.150146 -0.046875 1.008545
gyro 5608 2.595420 4.290076 -40.656490
acc 5620 0.101562 0.146729 0.936523
gyro 5620 -0.824427 -1.648855 -47.847328
acc 5632 0.196289 0.258057 0.925049
gyro 5632 -0.519084 -3.175573 -34.946564
acc 5643 -0.304688 -0.078369 0.854004
gyro 5643 -0.244275 6.061069 -57.786259
acc 5655 -0.077148 -0.237061 0.991943
gyro 5655 -0.458015 6.259542 -59.068703
acc 5667 0.106934 0.183350 0.957764
gyro 5667 -1.786260 -0.442748 -52.473282
acc 5678 0.154541 0.087646 0.984375
gyro 5678 -0.442748 1.984733 -53.801525
acc 5690 0.164795 0.057617 1.057373
gyro 5690 0.274809 3.938931 -47.954197
acc 5702 0.093994 0.133057 0.935059
gyro 5702 0.473282 2.442748 -31.832062
acc 5714 -0.137939 -0.357910 0.979004
gyro 5714 2.381679 5.068702 -42.015266
acc 5725 -0.077148 -0.231201 0.999023
gyro 5725 -0.977099 4.259542 -58.305344
acc 5737 -0.009033 -0.032715 0.994385
gyro 5737 -1.297710 0.793893 -37.465649
acc 5749 0.130859 -0.043213 1.008301
gyro 5749 -1.740458 1.175573 -46.442749
acc 5760 0.039062 -0.299072 1.054443
gyro 5760 1.328244 5.068702 -60.259541
acc 5772 -0.033203 -0.102783 0.942871
gyro 5772 -1.236641 2.580153 -98.763359
acc 5784 -0.112549 -0.048584 0.972900
gyro 5784 0.213740 5.740458 -97.404579
acc 5796 0.071289 -0.063965 0.969727
gyro 5796 -0.366412 0.778626 -59.954197
acc 5807 0.083740 0.046875 0.949219
gyro 5807 0.152672 4.305344 -71.725189
acc 5819 0.241943 -0.166992 0.975586
gyro 5819 -1.206107 0.610687 -75.740456
acc 5831 0.157227 0.139160 1.011475
gyro 5831 -1.389313 1.267176 -54.702290
acc 5842 0.086426 0.064209 1.000488
gyro 5842 -1.236641 2.274809 -67.725189
acc 5854 0.114502 0.037598 0.981689
gyro 5854 -0.229008 -0.625954 -31.679390
acc 5866 -0.013916 -0.109375 0.961182
gyro 5866 -1.099237 2.625954 -59.282444
acc 5877 0.178223 0.071289 0.986328
gyro 5877 -0.351145 2.564885 -43.709923
acc 5889 0.081787 -0.009033 0.988770
gyro 5889 0.778626 3.572519 -29.480917
acc 5901 -0.019775 0.062256 0.956543
gyro 5901 0.045802 4.320611 -41.282444
acc 5913 0.080078 0.024902 0.985107
gyro 5913 0.320611 0.320611 -22.442749
acc 5924 0.051514 -0.004150 0.966064
gyro 5924 -0.030534 1.221374 -14.076336
acc 5936 0.038086 0.019531 0.968262
gyro 5936 0.274809 1.740458 -7.709924
acc 5948 0.104004 -0.117676 0.953369
gyro 5948 0.106870 0.931298 -13.847328
acc 5959 -0.034180 -0.190674 0.973877
gyro 5959 -0.381679 1.145038 -36.305344
acc 5971 0.016113 -0.097900 0.975342
gyro 5971 0.061069 2.610687 -40.091602
acc 5983 -0.017578 0.074219 0.957764
gyro 5983 0.381679 0.274809 -32.793892
acc 5995 0.059570 0.079590 1.003174
gyro 5995 0.320611 2.030534 -28.412214
acc 6006 0.013184 0.140137 0.963867
gyro 6006 -0.244275 1.221374 -39.145039
acc 6018 0.169434 0.038574 1.021240
gyro 6018 -0.564885 2.000000 -35.954197
acc 6030 -0.079102 -0.143311 0.919189
gyro 6030 -1.893130 2.305344 -58.244274
acc 6041 0.067383 0.027588 1.012451
gyro 6041 -1.480916 0.687023 -49.114502
acc 6053 0.161865 0.099365 1.008057
gyro 6053 0.442748 1.832061 -53.038166
acc 6065 0.127686 0.092529 0.991699
gyro 6065 -0.015267 0.824427 -28.885496
acc 6076 0.053467 0.031006 0.974365
gyro 6076 -0.305344 2.244275 -48.748093
acc 6088 0.062012 0.110107 0.989746
gyro 6088 0.946565 0.595420 -49.938931
acc 6100 0.183350 0.081543 0.931641
gyro 6100 -2.045802 -3.114504 -56.900764
acc 6112 -0.011475 -0.054688 1.015625
gyro 6112 1.526718 2.381679 -35.190838
acc 6123 0.005127 -0.016846 0.936035
gyro 6123 2.793893 4.396946 -60.625954
acc 6135 -0.423096 -0.020020 0.868896
gyro 6135 -0.351145 0.396947 -61.114502
acc 6147 0.091553 0.159180 0.954102
gyro 6147 1.908397 1.160305 -30.030535
acc 6158 0.078857 0.085449 0.993408
gyro 6158 0.305344 0.580153 -27.145039
acc 6170 0.056152 -0.005615 0.966553
gyro 6170 0.580153 0.763359 -14.916031
acc 6182 0.029785 0.001465 0.966309
gyro 6182 0.030534 1.007634 -22.503817
acc 6194 0.045410 -0.042480 0.968506
gyro 6194 -0.290076 2.015267 -29.832062
acc 6205 0.101807 0.011230 0.955566
gyro 6205 -0.488550 0.916031 -28.595419
acc 6217 0.116699 -0.075439 0.970215
gyro 6217 0.106870 -0.167939 -34.656490
acc 6229 0.042969 -0.014404 0.956543
gyro 6229 -0.671756 0.000000 -41.389313
acc 6240 -0.107422 -0.134521 0.963379
gyro 6240 0.381679 3.816794 -51.969467
acc 6252 -0.206543 -0.054443 1.002197
gyro 6252 0.610687 2.778626 -56.244274
acc 6264 0.159180 -0.003418 0.968750
gyro 6264 -0.580153 2.763359 -66.854965
acc 6275 0.162842 -0.082275 0.906494
gyro 6275 -0.702290 -1.725191 -55.374046
acc 6287 0.003418 -0.033936 0.976074
gyro 6287 -0.106870 3.587786 -41.526718
acc 6299 -0.139160 0.091797 0.997559
gyro 6299 1.511450 5.816794 -58.229008
acc 6311 0.073486 -0.129150 0.979980
gyro 6311 -0.839695 0.061069 -50.885498
acc 6322 -0.240723 0.221924 0.845459
gyro 6322 -2.351145 -2.305344 -31.557251
acc 6334 0.081299 0.002930 0.985596
gyro 6334 -0.610687 0.000000 -34.076336
acc 6346 0.135010 -0.095215 1.007080
gyro 6346 -0.977099 0.549618 -46.793892
acc 6357 -0.042725 -0.062988 0.945801
gyro 6357 -0.519084 1.832061 -43.282444
acc 6369 0.077393 -0.077881 0.980225
gyro 6369 0.091603 -1.343511 -18.351145
acc 6381 0.089355 0.044434 0.944824
gyro 6381 1.007634 1.496183 -45.022900
acc 6393 0.134521 -0.140381 0.930176
gyro 6393 0.610687 -0.259542 -41.526718
acc 6404 0.091309 -0.039551 0.960449
gyro 6404 -0.381679 3.267176 -43.068703
acc 6416 0.160156 -0.154297 0.965820
gyro 6416 1.603053 3.389313 -31.664122
acc 6428 -0.216553 0.181396 1.013184
gyro 6428 -1.145038 4.167939 -37.206108
acc 6439 0.038086 -0.050537 0.984375
gyro 6439 0.977099 2.458015 -40.641220
acc 6451 0.006592 -0.005859 0.969727
gyro 6451 -0.076336 2.488550 -40.992367
acc 6463 0.032715 -0.208740 0.984375
gyro 6463 1.297710 4.061069 -61.160305
acc 6474 0.153076 -0.076660 0.976562
gyro 6474 -0.106870 2.091603 -43.709923
acc 6486 0.221924 0.101074 1.037598
gyro 6486 0.106870 3.114504 -21.343512
acc 6498 -0.002686 0.203369 0.922852
gyro 6498 -1.068702 4.076336 -35.038166
acc 6510 0.232666 0.093506 1.066406
gyro 6510 -0.335878 6.335878 -64.015266
acc 6521 -0.056885 -0.203613 0.955322
gyro 6521 0.427481 2.778626 -35.267174
acc 6533 0.161621 0.239746 1.026367
gyro 6533 -1.282443 4.610687 -72.213737
acc 6545 0.024902 0.121826 0.907959
gyro 6545 0.305344 -0.992366 -65.648857
acc 6556 0.155273 0.167236 0.989258
gyro 6556 -2.091603 2.442748 -54.763359
acc 6568 -0.115967 -0.027832 0.923096
gyro 6568 -1.236641 -0.824427 -69.343513
acc 6580 0.062500 -0.082275 0.960205
gyro 6580 2.854962 5.038168 -73.740456
acc 6592 -0.064697 -0.190430 0.912842
gyro 6592 -1.236641 0.152672 -51.801525
acc 6603 0.069336 0.061768 0.983398
gyro 6603 0.274809 3.007634 -71.007637
acc 6615 0.081787 0.109619 1.026855
gyro 6615 -3.007634 1.603053 -64.732826
acc 6627 0.066650 -0.057617 0.966309
gyro 6627 0.702290 2.854962 -54.961834
acc 6638 -0.124023 0.038086 0.894287
gyro 6638 -0.946565 -0.580153 -69.450378
acc 6650 -0.009521 -0.097168 0.978760
gyro 6650 -0.122137 1.450382 -56.473282
acc 6662 0.231201 0.257568 0.961914
gyro 6662 -1.145038 1.694656 -48.580154
acc 6673 0.031738 -0.016357 0.904785
gyro 6673 -2.045802 1.297710 -59.221375
acc 6685 0.031250 0.111328 0.948975
gyro 6685 -0.870229 -0.534351 -40.290077
acc 6697 0.057861 0.055908 0.946045
gyro 6697 0.000000 0.793893 -21.297710
acc 6709 -0.035645 -0.154053 0.986328
gyro 6709 -0.488550 1.664122 -46.213741
acc 6720 0.022217 0.007324 0.965820
gyro 6720 0.183206 1.374046 -21.358778
acc 6732 0.171143 0.032715 0.971191
gyro 6732 0.595420 0.961832 -37.496181
acc 6744 0.173096 -0.103027 0.963379
gyro 6744 -0.900763 1.893130 -58.687023
acc 6755 0.028809 -0.044922 0.968018
gyro 6755 -0.778626 1.908397 -35.328243
acc 6767 -0.090332 0.051025 0.995850
gyro 6767 -1.221374 1.251908 -49.236641
acc 6779 0.064453 0.047119 0.974121
gyro 6779 -0.793893 1.404580 -20.992367
acc 6791 0.051758 -0.036865 0.984375
gyro 6791 -0.122137 2.320611 -29.038168
acc 6802 0.029053 0.090332 1.008301
gyro 6802 -0.213740 3.450382 -29.160305
acc 6814 0.092285 0.041748 0.980957
gyro 6814 -0.137405 -0.137405 -20.381680
acc 6826 -0.051270 -0.156738 0.954346
gyro 6826 0.183206 2.320611 -46.442749
acc 6837 0.129150 -0.076172 0.936523
gyro 6837 0.015267 1.450382 -46.351147
acc 6849 0.062744 0.122803 0.999023
gyro 6849 -0.412214 1.893130 -26.442749
acc 6861 0.019531 -0.123535 0.941406
gyro 6861 1.068702 1.954198 -37.358780
acc 6872 0.087158 -0.096436 0.988037
gyro 6872 0.274809 0.503817 -42.870228
acc 6884 0.131348 0.008057 0.960693
gyro 6884 0.595420 2.702290 -30.854961
acc 6896 0.011475 -0.135498 0.958984
gyro 6896 0.793893 4.854962 -44.381680
acc 6908 -0.002441 0.068604 0.947754
gyro 6908 -0.793893 2.244275 -37.480915
acc 6919 0.053467 -0.028809 0.964600
gyro 6919 0.030534 1.755725 -23.572519
acc 6931 0.015625 0.011719 0.944092
gyro 6931 -0.015267 1.526718 -30.824427
acc 6943 -0.101562 0.048096 0.959717
gyro 6943 -1.114504 1.206107 -50.503819
acc 6954 0.018555 -0.044678 0.941895
gyro 6954 1.343511 2.290076 -43.725189
acc 6966 -0.055908 0.024414 0.963135
gyro 6966 -0.961832 3.236641 -42.259541
acc 6978 0.045654 -0.018555 0.972900
gyro 6978 0.106870 1.694656 -18.641222
acc 6990 -0.125732 -0.076904 0.926025
gyro 6990 -1.221374 1.007634 -49.267174
acc 7001 0.224121 -0.053955 1.001709
gyro 7001 0.152672 6.671756 -56.702290
acc 7013 0.130127 0.161621 1.019287
gyro 7013 -0.732824 1.893130 -47.160305
acc 7025 0.042969 -0.045654 0.980713
gyro 7025 0.366412 2.229008 -19.618320
acc 7036 0.059814 0.082031 0.963623
gyro 7036 -0.015267 -0.946565 -34.061069
acc 7048 0.032715 -0.022705 0.962891
gyro 7048 0.519084 1.954198 -35.801525
acc 7060 0.062988 -0.166016 1.009766
gyro 7060 1.160305 3.251908 -49.251907
acc 7071 0.031250 -0.012939 0.967529
gyro 7071 -0.625954 1.374046 -38.351147
acc 7083 0.018066 -0.029053 0.979004
gyro 7083 -0.259542 2.274809 -41.709923
acc 7095 0.044189 -0.027100 0.969238
gyro 7095 0.167939 2.351145 -22.244274
acc 7107 0.136475 0.010742 0.994385
gyro 7107 0.610687 2.305344 -42.351147
acc 7118 0.096436 0.041260 0.970215
gyro 7118 -0.335878 2.183206 -30.412214
acc 7130 0.081055 0.030518 0.973633
gyro 7130 0.427481 1.358779 -28.549618
acc 7142 0.041748 -0.003174 0.962158
gyro 7142 0.274809 1.389313 -13.801527
acc 7153 0.021484 -0.038086 0.970703
gyro 7153 -0.106870 1.603053 -16.870230
acc 7165 -0.004150 -0.056396 0.960938
gyro 7165 0.061069 1.236641 -20.809160
acc 7177 0.055420 0.055420 0.965088
gyro 7177 0.244275 0.534351 -16.442749
acc 7188 0.059326 0.001709 0.962891
gyro 7188 -0.259542 1.374046 -18.274809
acc 7200 0.089844 0.002441 0.973389
gyro 7200 -0.305344 1.694656 -34.519085
acc 7212 -0.086670 -0.140869 0.969727
gyro 7212 -0.778626 0.931298 -46.931297
acc 7224 0.051514 0.019043 0.942383
gyro 7224 0.748092 1.984733 -29.358778
acc 7235 0.032471 -0.036377 0.960938
gyro 7235 0.335878 1.832061 -21.832062
acc 7247 -0.068604 -0.190918 0.952393
gyro 7247 0.839695 3.648855 -47.587788
acc 7259 0.100342 0.037598 0.995605
gyro 7259 -0.625954 3.404580 -27.557251
acc 7270 -0.058838 -0.158203 0.962402
gyro 7270 0.274809 2.320611 -26.167938
acc 7282 0.293945 0.290283 0.979004
gyro 7282 -1.404580 -1.007634 -24.900763
acc 7294 -0.052002 -0.011963 0.933838
gyro 7294 -0.045802 0.412214 -35.022900
acc 7306 0.103760 0.032227 0.977051
gyro 7306 0.183206 2.931298 -33.221375
acc 7317 0.029297 -0.019531 0.976562
gyro 7317 0.244275 3.923664 -22.305344
acc 7329 0.061279 0.068848 0.959717
gyro 7329 -0.931298 -0.137405 -42.335876
acc 7341 0.035156 -0.022705 0.973633
gyro 7341 0.305344 1.740458 -13.328244
acc 7352 -0.145264 -0.265137 0.968262
gyro 7352 0.473282 2.732824 -34.183205
acc 7364 0.075684 -0.012939 1.007568
gyro 7364 -0.290076 2.854962 -39.007633
acc 7376 0.044434 -0.006104 0.962646
gyro 7376 0.366412 1.984733 -9.923664
acc 7387 0.056641 0.036133 0.961426
gyro 7387 -0.442748 0.351145 -22.564886
acc 7399 0.022949 -0.038330 0.969238
gyro 7399 0.198473 1.404580 -26.931297
acc 7411 0.178223 0.130615 0.998779
gyro 7411 -0.488550 1.496183 -26.793894
acc 7423 0.099854 0.049072 0.958008
gyro 7423 -0.381679 2.687023 -26.809160
acc 7434 0.052490 0.004395 0.975098
gyro 7434 0.167939 1.511450 -21.083969
acc 7446 0.050781 0.004395 0.959229
gyro 7446 0.427481 1.480916 -9.282443
acc 7458 -0.038086 -0.145752 0.981201
gyro 7458 0.854962 2.992366 -21.908398
acc 7469 0.031738 0.037598 1.024658
gyro 7469 -0.366412 0.656489 -43.648853
acc 7481 0.003906 -0.079346 0.979736
gyro 7481 -0.213740 1.862595 -31.832062
acc 7493 -0.067139 -0.259766 0.955322
gyro 7493 0.534351 3.633588 -33.221375
acc 7504 -0.012939 -0.046143 0.976807
gyro 7504 0.366412 0.381679 -24.106871
acc 7516 0.037598 -0.031494 0.978271
gyro 7516 -0.015267 0.885496 -23.618320
acc 7528 0.055664 0.007568 0.970703
gyro 7528 0.045802 1.190840 -10.045801
acc 7540 0.031494 -0.010498 0.977783
gyro 7540 0.244275 1.679389 -13.083969
acc 7551 0.021729 0.020996 0.979004
gyro 7551 0.351145 1.190840 -11.587787
acc 7563 0.042236 -0.002441 0.972412
gyro 7563 0.259542 1.389313 -9.419847
acc 7575 0.039795 -0.013672 0.975830
gyro 7575 0.167939 1.511450 -13.053435
acc 7586 0.035645 -0.060547 0.978760
gyro 7586 0.412214 1.923664 -20.183207
acc 7598 -0.006104 -0.028076 0.973877
gyro 7598 -0.015267 1.709924 -33.679390
acc 7610 0.052979 0.028076 0.973633
gyro 7610 0.381679 1.877863 -12.076336
acc 7622 0.036865 -0.014893 0.985107
gyro 7622 0.458015 1.282443 -8.809160
acc 7633 -0.004639 -0.080322 0.978271
gyro 7633 0.427481 2.061069 -24.641222
acc 7645 0.041748 0.003418 0.973633
gyro 7645 0.305344 1.496183 -5.893130
acc 7657 0.046143 -0.003174 0.979004
gyro 7657 0.595420 1.145038 -5.343512
acc 7668 0.042969 -0.002441 0.963623
gyro 7668 0.427481 1.206107 -4.885496
acc 7680 0.041260 -0.008789 0.970215
gyro 7680 0.274809 1.206107 -4.702290
acc 7692 0.039551 0.000977 0.978516
gyro 7692 0.244275 1.236641 -4.473282
acc 7704 0.043213 -0.007080 0.972168
gyro 7704 0.091603 0.870229 -4.687023
acc 7715 0.039307 -0.014404 0.972900
gyro 7715 0.167939 1.007634 -4.977099
acc 7727 0.030762 -0.027100 0.965088
gyro 7727 0.091603 1.251908 -7.893130
acc 7739 0.080811 0.047119 0.969482
gyro 7739 -0.015267 0.702290 -11.893129
acc 7750 -0.031738 -0.043945 0.943848
gyro 7750 0.152672 2.671756 -37.496181
acc 7762 -0.063721 -0.121338 0.980713
gyro 7762 -1.541985 -2.106870 -56.916031
acc 7774 0.136719 0.166260 0.990234
gyro 7774 0.320611 1.297710 -19.847328
acc 7785 0.038086 0.007324 0.982666
gyro 7785 0.412214 1.358779 -9.083969
acc 7797 0.075684 0.078857 0.977783
gyro 7797 -0.076336 0.625954 -13.954199
acc 7809 0.040283 -0.001221 0.965332
gyro 7809 0.503817 1.496183 -5.740458
acc 7821 0.041016 -0.002197 0.962158
gyro 7821 0.427481 1.358779 -4.824428
acc 7832 0.044922 -0.002930 0.972656
gyro 7832 0.198473 1.389313 -4.427481
acc 7844 0.041748 -0.004150 0.974121
gyro 7844 0.503817 1.190840 -4.595420
acc 7856 0.047363 -0.003906 0.968018
gyro 7856 0.396947 1.465649 -4.427481
acc 7868 0.042236 0.000000 0.968262
gyro 7868 0.473282 1.358779 -4.351145
acc 7879 0.042969 0.000000 0.968994
gyro 7879 0.396947 1.419847 -4.381680
acc 7891 0.049072 -0.007812 0.969971
gyro 7891 0.442748 1.389313 -4.351145
acc 7903 0.040527 -0.002441 0.961426
gyro 7903 0.213740 1.221374 -4.335878
acc 7914 0.043213 -0.005859 0.969727
gyro 7914 0.564885 1.374046 -4.198473
acc 7926 0.045898 -0.003418 0.975342
gyro 7926 0.335878 1.374046 -4.259542
acc 7938 0.041260 -0.008301 0.971924
gyro 7938 0.366412 1.343511 -4.122138
acc 7950 0.032715 -0.007812 0.982422
gyro 7950 0.519084 1.343511 -4.320611
acc 7961 0.045410 -0.000977 0.972168
gyro 7961 0.442748 1.419847 -4.290076
acc 7973 0.042236 -0.004150 0.972412
gyro 7973 0.335878 1.572519 -4.488550
acc 7985 0.042725 -0.004639 0.967041
gyro 7985 0.351145 1.206107 -4.320611
acc 7996 0.041992 -0.000488 0.965820
gyro 7996 0.427481 1.450382 -4.519084
acc 8008 0.037598 -0.002197 0.965088
gyro 8008 0.351145 1.297710 -4.198473
acc 8020 0.045166 -0.009766 0.964355
gyro 8020 0.427481 1.450382 -4.290076
acc 8031 0.038330 -0.011963 0.970947
gyro 8031 0.519084 1.404580 -4.335878
acc 8043 0.039795 -0.006104 0.966309
gyro 8043 0.458015 1.526718 -4.366412
acc 8055 0.037842 0.000000 0.969238
gyro 8055 0.473282 1.221374 -4.137404
acc 8067 0.046143 -0.005615 0.976318
gyro 8067 0.290076 1.145038 -4.320611
acc 8078 0.037354 -0.003418 0.963623
gyro 8078 0.488550 1.114504 -4.473282
acc 8090 0.042725 -0.001465 0.969238
gyro 8090 0.412214 1.282443 -4.305344
acc 8102 0.036377 -0.002686 0.977539
gyro 8102 0.458015 1.099237 -4.503817
acc 8113 0.043945 -0.006836 0.971436
gyro 8113 0.519084 1.282443 -4.412214
acc 8125 0.042725 0.000732 0.977295
gyro 8125 0.442748 1.297710 -4.335878
acc 8137 0.040527 -0.006104 0.973877
gyro 8137 0.396947 1.282443 -4.183206
acc 8149 0.043701 -0.002930 0.981934
gyro 8149 0.213740 1.114504 -4.595420
acc 8160 0.040527 -0.011719 0.975342
gyro 8160 0.213740 1.083969 -4.335878
acc 8172 0.041992 -0.004395 0.968994
gyro 8172 0.335878 1.282443 -4.320611
acc 8184 0.040527 -0.002441 0.968506
gyro 8184 0.351145 1.435115 -4.519084
acc 8195 0.047119 -0.007324 0.972656
gyro 8195 0.412214 1.419847 -4.213740
acc 8207 0.041260 -0.006836 0.977295
gyro 8207 0.427481 1.251908 -4.274809
acc 8219 0.037598 -0.001709 0.968994
gyro 8219 0.519084 1.480916 -4.366412
acc 8231 0.043701 -0.006104 0.963867
gyro 8231 0.274809 1.450382 -4.259542
acc 8242 0.041016 -0.004395 0.973877
gyro 8242 0.290076 1.328244 -4.213740
acc 8254 0.041992 -0.006348 0.975098
gyro 8254 0.183206 1.328244 -4.320611
acc 8266 0.041992 0.003418 0.975342
gyro 8266 0.412214 1.419847 -4.458015
acc 8278 0.045410 -0.012695 0.978027
gyro 8278 0.396947 1.221374 -4.229008
acc 8289 0.043701 -0.009277 0.969727
gyro 8289 0.290076 1.404580 -4.488550
acc 8301 0.045654 -0.004150 0.978027
gyro 8301 0.213740 1.435115 -4.183206
acc 8313 0.041504 -0.011230 0.969727
gyro 8313 0.320611 1.328244 -4.259542
acc 8324 0.043457 0.000732 0.967773
gyro 8324 0.351145 1.480916 -4.244275
acc 8336 0.046143 -0.005127 0.976074
gyro 8336 0.381679 1.190840 -4.290076
acc 8348 0.036133 -0.012695 0.970703
gyro 8348 0.290076 1.450382 -4.198473
acc 8359 0.043457 -0.004883 0.966064
gyro 8359 0.473282 1.343511 -4.274809
acc 8371 0.050049 -0.010254 0.983154
gyro 8371 0.473282 1.236641 -4.488550
acc 8383 0.048096 0.002441 0.973145
gyro 8383 0.412214 1.465649 -4.351145
acc 8395 0.038818 -0.002930 0.972168
gyro 8395 0.396947 1.282443 -4.366412
acc 8406 0.044678 -0.008301 0.975830
gyro 8406 0.519084 1.312977 -4.351145
acc 8418 0.039062 -0.008057 0.966064
gyro 8418 0.366412 1.221374 -4.381680
acc 8430 0.035645 -0.008301 0.964355
gyro 8430 0.564885 1.465649 -4.396946
acc 8441 0.045898 0.005615 0.963135
gyro 8441 0.458015 1.236641 -4.396946
acc 8453 0.044434 -0.009033 0.968750
gyro 8453 0.244275 1.374046 -4.442748
acc 8465 0.040283 -0.005371 0.962158
gyro 8465 0.366412 1.251908 -4.320611
acc 8477 0.041748 -0.010010 0.967773
gyro 8477 0.427481 1.282443 -4.213740
acc 8488 0.040039 -0.001465 0.975342
gyro 8488 0.396947 1.450382 -4.442748
acc 8500 0.044922 -0.001221 0.973145
gyro 8500 0.290076 1.251908 -4.335878
acc 8512 0.043701 -0.002197 0.965088
gyro 8512 0.519084 1.267176 -4.351145
acc 8523 0.040527 -0.004150 0.967041
gyro 8523 0.549618 1.145038 -4.442748
acc 8535 0.044678 -0.003174 0.972900
gyro 8535 0.396947 1.267176 -4.320611
acc 8547 0.042969 -0.006348 0.976807
gyro 8547 0.351145 1.419847 -4.290076
acc 8559 0.040283 0.000732 0.967041
gyro 8559 0.396947 1.312977 -4.335878
acc 8570 0.045166 -0.003906 0.967773
gyro 8570 0.458015 1.374046 -4.229008
acc 8582 0.042969 -0.007324 0.968262
gyro 8582 0.580153 1.587786 -4.381680
acc 8594 0.043457 -0.004883 0.969727
gyro 8594 0.320611 1.328244 -4.396946
acc 8605 0.041992 -0.002197 0.974121
gyro 8605 0.366412 1.419847 -4.305344
acc 8617 0.037354 -0.008057 0.968506
gyro 8617 0.442748 1.374046 -4.259542
acc 8629 0.043945 -0.008789 0.967285
gyro 8629 0.244275 1.312977 -4.381680
acc 8641 0.038818 -0.003174 0.979492
gyro 8641 0.274809 1.282443 -4.381680
acc 8652 0.042725 -0.004395 0.968506
gyro 8652 0.396947 1.358779 -4.229008
acc 8664 0.038574 -0.003418 0.980225
gyro 8664 0.427481 1.450382 -4.305344
acc 8676 0.039062 -0.006104 0.968018
gyro 8676 0.396947 1.358779 -4.229008
acc 8687 0.043457 -0.004883 0.972412
gyro 8687 0.366412 1.374046 -4.213740
acc 8699 0.042236 -0.000488 0.970947
gyro 8699 0.519084 1.190840 -4.381680
acc 8711 0.040527 -0.004150 0.978516
gyro 8711 0.305344 1.358779 -4.274809
acc 8723 0.045166 -0.002441 0.978271
gyro 8723 0.396947 1.297710 -4.396946
acc 8734 0.041016 -0.005859 0.970947
gyro 8734 0.473282 1.389313 -4.229008
acc 8746 0.045410 -0.006348 0.967529
gyro 8746 0.442748 1.267176 -4.335878
acc 8758 0.042480 0.000244 0.965820
gyro 8758 0.335878 1.251908 -4.305344
acc 8769 0.049316 -0.005859 0.975098
gyro 8769 0.381679 1.236641 -4.412214
acc 8781 0.040283 -0.004883 0.973633
gyro 8781 0.305344 1.343511 -4.335878
acc 8793 0.043457 -0.005371 0.974121
gyro 8793 0.412214 1.190840 -4.290076
acc 8805 0.040527 0.000244 0.971924
gyro 8805 0.488550 1.358779 -4.396946
acc 8816 0.051025 0.001465 0.977295
gyro 8816 0.351145 1.389313 -4.213740
acc 8828 0.036377 -0.005127 0.979736
gyro 8828 0.320611 1.267176 -4.335878
acc 8840 0.040039 0.000000 0.968506
gyro 8840 0.335878 1.419847 -4.473282
acc 8851 0.037842 0.000244 0.969482
gyro 8851 0.488550 1.389313 -4.442748
acc 8863 0.042725 -0.000244 0.970459
gyro 8863 0.381679 1.297710 -4.213740
acc 8875 0.042480 -0.002930 0.966309
gyro 8875 0.412214 1.312977 -4.335878
acc 8887 0.039062 -0.004395 0.963867
gyro 8887 0.198473 1.175573 -4.320611
acc 8898 0.039062 -0.004395 0.976318
gyro 8898 0.290076 1.251908 -4.213740
acc 8910 0.040527 -0.002197 0.971924
gyro 8910 0.427481 1.297710 -4.305344
acc 8922 0.044189 -0.004150 0.974365
gyro 8922 0.351145 1.328244 -4.396946
acc 8933 0.039307 -0.008057 0.969727
gyro 8933 0.244275 1.190840 -4.396946
acc 8945 0.040283 -0.004150 0.967529
gyro 8945 0.335878 1.282443 -4.427481
acc 8957 0.039062 -0.008789 0.979736
gyro 8957 0.564885 1.358779 -4.488550
acc 8968 0.046143 -0.004150 0.974609
gyro 8968 0.473282 1.358779 -4.396946
acc 8980 0.036377 -0.003906 0.970703
gyro 8980 0.503817 1.267176 -4.412214
acc 8992 0.047607 -0.004150 0.974365
gyro 8992 0.396947 1.328244 -4.412214
acc 9004 0.048584 -0.006592 0.971680
gyro 9004 0.366412 1.312977 -4.366412
acc 9015 0.038086 -0.012207 0.973877
gyro 9015 0.396947 1.328244 -4.274809
acc 9027 0.040039 -0.003662 0.970459
gyro 9027 0.396947 1.251908 -4.305344
acc 9039 0.035889 -0.009277 0.972900
gyro 9039 0.458015 1.404580 -4.366412
acc 9050 0.044189 -0.005127 0.970703
gyro 9050 0.320611 1.206107 -4.351145
acc 9062 0.043945 -0.004639 0.964844
gyro 9062 0.305344 1.343511 -4.427481
acc 9074 0.047363 -0.005127 0.964600
gyro 9074 0.442748 1.267176 -4.198473
acc 9086 0.038330 -0.006348 0.974121
gyro 9086 0.366412 1.251908 -4.290076
acc 9097 0.043945 -0.003418 0.970215
gyro 9097 0.458015 1.190840 -4.396946
acc 9109 0.036377 -0.003662 0.971436
gyro 9109 0.381679 1.267176 -4.488550
acc 9121 0.047363 -0.003662 0.973633
gyro 9121 0.396947 1.389313 -4.305344
acc 9132 0.044922 -0.004150 0.983643
gyro 9132 0.427481 1.297710 -4.091603
acc 9144 0.041016 -0.002441 0.981689
gyro 9144 0.366412 1.297710 -4.564886
acc 9156 0.046143 0.000977 0.971436
gyro 9156 0.412214 1.297710 -4.259542
acc 9168 0.040527 -0.008057 0.969727
gyro 9168 0.229008 1.374046 -4.442748
acc 9179 0.040283 -0.005371 0.975586
gyro 9179 0.442748 1.282443 -4.259542
acc 9191 0.046631 -0.004150 0.981689
gyro 9191 0.305344 1.282443 -4.396946
acc 9203 0.042236 -0.006104 0.969238
gyro 9203 0.488550 1.160305 -4.381680
acc 9214 0.039795 -0.004639 0.968018
gyro 9214 0.473282 1.297710 -4.396946
acc 9226 0.044678 -0.008057 0.969238
gyro 9226 0.244275 1.343511 -4.335878
acc 9238 0.045898 -0.009521 0.967773
gyro 9238 0.351145 1.297710 -4.488550
acc 9250 0.041748 -0.001221 0.966797
gyro 9250 0.381679 1.129771 -4.366412
acc 9261 0.041260 -0.007568 0.977783
gyro 9261 0.381679 1.419847 -4.320611
acc 9273 0.048828 -0.003174 0.964600
gyro 9273 0.259542 1.175573 -4.396946
acc 9285 0.045410 -0.001465 0.959473
gyro 9285 0.473282 1.419847 -4.396946
acc 9296 0.039551 0.001465 0.974365
gyro 9296 0.519084 1.343511 -4.213740
acc 9308 0.043945 -0.005127 0.974121
gyro 9308 0.290076 1.389313 -4.152672
acc 9320 0.047119 -0.004639 0.971436
gyro 9320 0.381679 1.221374 -4.229008
acc 9332 0.040039 -0.005371 0.979492
gyro 9332 0.167939 1.129771 -4.366412
acc 9343 0.037842 -0.006348 0.969238
gyro 9343 0.335878 1.328244 -4.259542
acc 9355 0.036865 -0.008789 0.971191
gyro 9355 0.656489 1.358779 -4.229008
acc 9367 0.046387 -0.004395 0.974121
gyro 9367 0.503817 1.297710 -4.061069
acc 9378 0.044189 -0.003662 0.975342
gyro 9378 0.351145 1.206107 -4.305344
acc 9390 0.046143 -0.000977 0.972412
gyro 9390 0.335878 1.328244 -4.381680
acc 9402 0.045410 -0.003662 0.968750
gyro 9402 0.381679 1.236641 -4.274809
acc 9413 0.043457 0.000244 0.962158
gyro 9413 0.564885 1.404580 -4.580153
acc 9425 0.042725 -0.002197 0.966797
gyro 9425 0.320611 1.297710 -4.366412
acc 9437 0.040527 -0.000488 0.968018
gyro 9437 0.320611 1.374046 -4.320611
acc 9449 0.042725 -0.005127 0.975586
gyro 9449 0.351145 1.374046 -4.396946
acc 9460 0.040527 -0.000977 0.975586
gyro 9460 0.458015 1.312977 -4.488550
acc 9472 0.037842 -0.003662 0.968750
gyro 9472 0.412214 1.450382 -4.320611
acc 9484 0.041748 -0.013184 0.969971
gyro 9484 0.458015 1.389313 -4.381680
acc 9495 0.041748 -0.001709 0.973389
gyro 9495 0.412214 1.435115 -4.290076
acc 9507 0.043945 0.003662 0.974121
gyro 9507 0.503817 1.297710 -4.427481
acc 9519 0.045654 -0.013672 0.969482
gyro 9519 0.290076 1.190840 -4.320611
acc 9531 0.046875 -0.004883 0.968018
gyro 9531 0.137405 1.282443 -4.396946
acc 9542 0.047363 -0.001221 0.968018
gyro 9542 0.351145 1.282443 -4.335878
acc 9554 0.038330 -0.010010 0.969971
gyro 9554 0.305344 1.328244 -4.244275
acc 9566 0.041260 -0.004639 0.969482
gyro 9566 0.290076 1.190840 -4.305344
acc 9577 0.038330 -0.007080 0.971924
gyro 9577 0.259542 1.328244 -4.534351
acc 9589 0.040527 -0.006348 0.975586
gyro 9589 0.458015 1.282443 -4.427481
acc 9601 0.046631 -0.003662 0.977051
gyro 9601 0.427481 1.358779 -4.290076
acc 9613 0.044189 -0.005859 0.977783
gyro 9613 0.290076 1.206107 -4.427481
acc 9624 0.048584 -0.007812 0.966797
gyro 9624 0.305344 1.251908 -4.473282
acc 9636 0.047607 -0.003174 0.964355
gyro 9636 0.488550 1.312977 -4.351145
acc 9648 0.048340 -0.004883 0.968994
gyro 9648 0.351145 1.145038 -4.244275
acc 9659 0.045898 -0.003174 0.973877
gyro 9659 0.335878 1.404580 -4.244275
acc 9671 0.040771 -0.002930 0.978516
gyro 9671 0.412214 1.419847 -4.274809
acc 9683 0.039551 -0.004395 0.973877
gyro 9683 0.229008 1.343511 -4.045802
acc 9695 0.046387 -0.007812 0.980225
gyro 9695 0.335878 1.328244 -4.580153
acc 9706 0.041016 0.000732 0.971924
gyro 9706 0.366412 1.251908 -4.259542
acc 9718 0.049072 0.000000 0.971436
gyro 9718 0.274809 1.282443 -4.549618
acc 9730 0.038330 -0.002197 0.968750
gyro 9730 0.458015 1.328244 -4.320611
acc 9741 0.040527 -0.001465 0.972900
gyro 9741 0.381679 1.099237 -4.519084
acc 9753 0.038818 0.000244 0.976318
gyro 9753 0.366412 1.358779 -4.213740
acc 9765 0.036621 0.000977 0.974365
gyro 9765 0.396947 1.404580 -4.396946
acc 9777 0.041748 -0.002686 0.977783
gyro 9777 0.305344 1.358779 -4.335878
acc 9788 0.045166 0.000732 0.974854
gyro 9788 0.503817 1.404580 -4.381680
acc 9800 0.043457 -0.006836 0.976074
gyro 9800 0.366412 1.190840 -4.442748
acc 9812 0.043945 -0.006592 0.972168
gyro 9812 0.442748 1.358779 -4.290076
acc 9823 0.041992 -0.007324 0.977783
gyro 9823 0.396947 1.404580 -4.167939
acc 9835 0.046387 -0.009033 0.979492
gyro 9835 0.290076 1.099237 -4.320611
acc 9847 0.042236 -0.004883 0.979004
gyro 9847 0.442748 1.206107 -4.610687
acc 9859 0.041016 -0.004639 0.969971
gyro 9859 0.259542 1.038168 -4.442748
acc 9870 0.043701 -0.004883 0.973633
gyro 9870 0.366412 1.435115 -4.137404
acc 9882 0.046875 -0.006592 0.968750
gyro 9882 0.381679 1.374046 -4.137404
acc 9894 0.043213 -0.000977 0.977051
gyro 9894 0.412214 1.297710 -4.305344
acc 9905 0.041260 -0.001709 0.976807
gyro 9905 0.412214 1.251908 -4.412214
acc 9917 0.039062 -0.006104 0.964111
gyro 9917 0.366412 1.419847 -4.412214
acc 9929 0.039062 -0.000488 0.971191
gyro 9929 0.351145 1.374046 -4.473282
acc 9940 0.039551 0.000000 0.976318
gyro 9940 0.366412 1.114504 -4.290076
acc 9952 0.039551 -0.002930 0.962402
gyro 9952 0.412214 1.374046 -4.305344
acc 9964 0.041504 -0.010742 0.977783
gyro 9964 0.427481 1.343511 -4.305344
acc 9976 0.044434 -0.008789 0.968018
gyro 9976 0.381679 1.221374 -4.503817
acc 9987 0.039551 -0.005615 0.979492
gyro 9987 0.305344 1.297710 -4.183206
acc 9999 0.046875 -0.001465 0.978760
gyro 9999 0.290076 1.297710 -4.381680
acc 10011 0.043701 -0.004639 0.971191
gyro 10011 0.198473 1.450382 -4.519084
acc 10022 0.041260 -0.000977 0.969482
gyro 10022 0.274809 1.435115 -4.396946
acc 10034 0.040771 0.000244 0.972168
gyro 10034 0.534351 1.312977 -4.290076
acc 10046 0.042236 -0.005859 0.972656
gyro 10046 0.519084 1.587786 -4.290076
acc 10058 0.041260 -0.003174 0.974854
gyro 10058 0.503817 1.358779 -4.259542
acc 10069 0.038574 0.003906 0.981201
gyro 10069 0.320611 1.374046 -4.442748
acc 10081 0.043701 0.000000 0.963135
gyro 10081 0.458015 1.389313 -4.335878
acc 10093 0.045654 -0.004639 0.978271
gyro 10093 0.396947 1.267176 -4.229008
acc 10104 0.044678 -0.000732 0.973145
gyro 10104 0.259542 1.267176 -4.290076
acc 10116 0.045654 -0.003906 0.970947
gyro 10116 0.396947 1.236641 -4.412214
acc 10128 0.044189 -0.002197 0.965332
gyro 10128 0.229008 1.206107 -4.442748
acc 10140 0.046631 -0.006592 0.975098
gyro 10140 0.427481 1.312977 -4.381680
acc 10151 0.039551 0.001221 0.966309
gyro 10151 0.549618 1.206107 -4.488550
acc 10163 0.043457 0.003906 0.979248
gyro 10163 0.351145 1.175573 -4.320611
acc 10175 0.047363 -0.000244 0.970947
gyro 10175 0.335878 1.496183 -4.473282
acc 10186 0.041016 -0.003906 0.964111
gyro 10186 0.396947 1.343511 -4.259542
acc 10198 0.036621 -0.004883 0.961426
gyro 10198 0.381679 1.282443 -4.274809
acc 10210 0.048340 -0.010498 0.968750
gyro 10210 0.473282 1.206107 -4.259542
acc 10222 0.038574 -0.006836 0.967285
gyro 10222 0.381679 1.343511 -4.274809
acc 10233 0.036377 -0.004395 0.970215
gyro 10233 0.473282 1.267176 -4.366412
acc 10245 0.043701 -0.003906 0.972412
gyro 10245 0.381679 1.358779 -4.412214
acc 10257 0.048096 -0.003174 0.976807
gyro 10257 0.335878 1.236641 -4.381680
acc 10268 0.047852 -0.002930 0.968262
gyro 10268 0.335878 1.175573 -4.381680
acc 10280 0.046387 -0.010010 0.971924
gyro 10280 0.198473 1.312977 -4.366412
acc 10292 0.049561 -0.018799 0.975830
gyro 10292 0.290076 1.511450 -4.274809
acc 10303 0.046387 -0.006836 0.961182
gyro 10303 0.229008 1.282443 -4.534351
acc 10315 0.045654 -0.005615 0.967285
gyro 10315 0.259542 1.374046 -4.183206
acc 10327 0.041016 -0.007080 0.970947
gyro 10327 0.274809 1.297710 -4.198473
acc 10339 0.046875 -0.003662 0.964111
gyro 10339 0.229008 1.251908 -4.152672
acc 10350 0.039307 -0.008545 0.974609
gyro 10350 0.259542 1.480916 -4.335878
acc 10362 0.039795 -0.007080 0.979248
gyro 10362 0.427481 1.419847 -4.366412
acc 10374 0.037354 -0.004150 0.972412
gyro 10374 0.442748 1.465649 -4.549618
acc 10385 0.041260 -0.003662 0.972168
gyro 10385 0.549618 1.206107 -4.198473
acc 10397 0.033203 -0.003662 0.975342
gyro 10397 0.381679 1.312977 -4.412214
acc 10409 0.035889 -0.007080 0.968750
gyro 10409 0.549618 1.145038 -4.381680
acc 10421 0.040039 -0.006836 0.959961
gyro 10421 0.152672 1.175573 -4.229008
acc 10432 0.039307 -0.004150 0.969482
gyro 10432 0.396947 1.160305 -4.473282
acc 10444 0.043457 0.000488 0.973877
gyro 10444 0.320611 1.297710 -4.274809
acc 10456 0.040039 -0.000977 0.973145
gyro 10456 0.335878 1.160305 -4.213740
acc 10467 0.038818 0.000488 0.968750
gyro 10467 0.274809 1.557252 -4.442748
acc 10479 0.042725 -0.003418 0.971680
gyro 10479 0.305344 1.404580 -4.442748
acc 10491 0.039551 -0.005859 0.975098
gyro 10491 0.320611 1.343511 -4.320611
acc 10503 0.038086 -0.002197 0.974121
gyro 10503 0.442748 1.450382 -4.335878
acc 10514 0.038818 -0.002197 0.977051
gyro 10514 0.381679 1.465649 -4.229008
acc 10526 0.040527 -0.007812 0.971680
gyro 10526 0.442748 1.282443 -4.229008
acc 10538 0.049072 -0.006348 0.972900
gyro 10538 0.137405 1.190840 -4.198473
acc 10549 0.033691 -0.008301 0.970215
gyro 10549 0.305344 1.328244 -4.213740
acc 10561 0.038086 -0.006104 0.975586
gyro 10561 0.473282 1.190840 -4.244275
acc 10573 0.039307 -0.002197 0.967041
gyro 10573 0.290076 1.404580 -4.381680
acc 10584 0.039795 -0.006104 0.969238
gyro 10584 0.213740 1.160305 -4.458015
acc 10596 0.039307 -0.004395 0.983154
gyro 10596 0.427481 1.221374 -4.320611
acc 10608 0.046387 -0.008545 0.967041
gyro 10608 0.335878 1.297710 -4.412214
acc 10620 0.047852 -0.003662 0.974854
gyro 10620 0.335878 1.236641 -4.366412
acc 10631 0.042480 -0.008301 0.963623
gyro 10631 0.381679 1.389313 -4.122138
acc 10643 0.041504 -0.009766 0.966309
gyro 10643 0.305344 1.328244 -4.167939
acc 10655 0.048828 -0.004150 0.976074
gyro 10655 0.274809 1.129771 -4.366412
acc 10666 0.049805 -0.003174 0.966309
gyro 10666 0.396947 1.129771 -4.366412
acc 10678 0.036865 -0.005127 0.973633
gyro 10678 0.290076 1.389313 -4.366412
acc 10690 0.039795 -0.007080 0.959717
gyro 10690 0.290076 1.297710 -4.335878
acc 10702 0.044678 -0.003906 0.973389
gyro 10702 0.396947 1.297710 -4.473282
acc 10713 0.037354 -0.005859 0.979004
gyro 10713 0.412214 1.419847 -4.519084
acc 10725 0.040771 -0.012207 0.971924
gyro 10725 0.335878 1.221374 -4.534351
acc 10737 0.040039 -0.005859 0.970947
gyro 10737 0.488550 1.221374 -4.488550
acc 10748 0.044922 -0.009521 0.963135
gyro 10748 0.259542 1.206107 -4.351145
acc 10760 0.040283 -0.006104 0.973633
gyro 10760 0.396947 1.160305 -4.198473
acc 10772 0.035889 0.000000 0.969727
gyro 10772 0.366412 1.419847 -4.351145
acc 10784 0.044678 -0.007812 0.972900
gyro 10784 0.274809 1.343511 -4.335878
acc 10795 0.038086 -0.009033 0.967041
gyro 10795 0.381679 1.206107 -4.167939
acc 10807 0.045654 -0.004639 0.964844
gyro 10807 0.320611 1.282443 -4.412214
acc 10819 0.047119 -0.011230 0.967773
gyro 10819 0.366412 1.206107 -4.503817
acc 10830 0.040283 -0.005371 0.976807
gyro 10830 0.396947 1.251908 -4.396946
acc 10842 0.040039 -0.003174 0.971924
gyro 10842 0.396947 1.251908 -4.396946
acc 10854 0.036621 -0.002441 0.968506
gyro 10854 0.381679 1.358779 -4.564886
acc 10866 0.042725 -0.004639 0.976318
gyro 10866 0.549618 1.267176 -4.458015
acc 10877 0.044189 -0.003418 0.968506
gyro 10877 0.259542 1.297710 -4.351145
acc 10889 0.039307 -0.002930 0.972900
gyro 10889 0.366412 1.282443 -4.290076
acc 10901 0.044189 -0.006592 0.979492
gyro 10901 0.519084 1.404580 -4.290076
acc 10912 0.040527 -0.005127 0.962646
gyro 10912 0.412214 1.282443 -4.137404
acc 10924 0.037598 -0.006104 0.973145
gyro 10924 0.427481 1.312977 -4.381680
acc 10936 0.042969 -0.003174 0.977295
gyro 10936 0.427481 1.328244 -4.564886
acc 10948 0.042725 -0.008545 0.971924
gyro 10948 0.442748 1.251908 -4.229008
acc 10959 0.035889 -0.007324 0.961182
gyro 10959 0.396947 1.343511 -4.412214
acc 10971 0.039551 -0.010254 0.975098
gyro 10971 0.412214 1.160305 -4.244275
acc 10983 0.039795 -0.005371 0.971436
gyro 10983 0.198473 1.343511 -4.259542
acc 10994 0.032227 -0.009277 0.979004
gyro 10994 0.335878 1.419847 -4.259542
acc 11006 0.047607 -0.008789 0.972412
gyro 11006 0.549618 1.236641 -4.351145
acc 11018 0.042236 -0.006348 0.984375
gyro 11018 0.320611 1.358779 -4.442748
acc 11029 0.040527 -0.005371 0.979492
gyro 11029 0.335878 1.312977 -4.381680
acc 11041 0.035400 -0.001221 0.975830
gyro 11041 0.442748 1.236641 -4.030534
acc 11053 0.043945 -0.008789 0.972168
gyro 11053 0.412214 1.419847 -4.351145
acc 11065 0.038330 -0.007812 0.971191
gyro 11065 0.473282 1.343511 -4.351145
acc 11076 0.040283 -0.008789 0.971924
gyro 11076 0.290076 1.526718 -4.366412
acc 11088 0.043213 -0.002441 0.968506
gyro 11088 0.366412 1.435115 -4.290076
acc 11100 0.045166 -0.003174 0.960938
gyro 11100 0.442748 1.572519 -4.244275
acc 11111 0.051270 -0.004639 0.979248
gyro 11111 0.213740 1.160305 -4.412214
acc 11123 0.036377 -0.000488 0.969238
gyro 11123 0.458015 1.190840 -4.717557
acc 11135 0.039062 -0.007080 0.971436
gyro 11135 0.351145 1.328244 -4.381680
acc 11147 0.033936 -0.008301 0.984619
gyro 11147 0.351145 1.129771 -4.259542
acc 11158 0.040771 -0.005371 0.968994
gyro 11158 0.274809 1.435115 -4.427481
acc 11170 0.041748 -0.006104 0.967285
gyro 11170 0.213740 1.114504 -4.274809
acc 11182 0.036621 -0.003418 0.966309
gyro 11182 0.381679 1.312977 -4.564886
acc 11193 0.040527 -0.010010 0.970215
gyro 11193 0.244275 1.236641 -4.244275
acc 11205 0.040527 -0.001709 0.975098
gyro 11205 0.442748 1.206107 -4.412214
acc 11217 0.043945 -0.002197 0.972412
gyro 11217 0.381679 1.572519 -4.183206
acc 11228 0.040039 -0.003418 0.964111
gyro 11228 0.351145 1.267176 -4.488550
acc 11240 0.045654 -0.005615 0.961182
gyro 11240 0.381679 1.435115 -4.427481
acc 11252 0.043213 -0.005859 0.973389
gyro 11252 0.274809 1.297710 -4.335878
acc 11264 0.043457 -0.000732 0.970947
gyro 11264 0.396947 1.480916 -4.213740
acc 11275 0.039795 -0.002197 0.969727
gyro 11275 0.427481 1.404580 -4.442748
acc 11287 0.038086 -0.004883 0.965576
gyro 11287 0.412214 1.206107 -4.290076
acc 11299 0.041992 -0.007324 0.968018
gyro 11299 0.396947 1.267176 -4.244275
acc 11310 0.038818 -0.009033 0.968750
gyro 11310 0.442748 1.236641 -4.366412
acc 11322 0.041748 -0.006836 0.976562
gyro 11322 0.427481 1.465649 -4.595420
acc 11334 0.035889 -0.003418 0.969727
gyro 11334 0.580153 1.236641 -4.412214
acc 11346 0.041016 -0.008545 0.968506
gyro 11346 0.305344 1.297710 -4.274809
acc 11357 0.041748 -0.007080 0.962158
gyro 11357 0.534351 1.160305 -4.381680
acc 11369 0.036621 -0.009521 0.974121
gyro 11369 0.381679 1.511450 -4.290076
acc 11381 0.037354 -0.003662 0.979004
gyro 11381 0.305344 1.236641 -4.320611
acc 11392 0.047119 -0.004883 0.962646
gyro 11392 0.335878 1.282443 -4.335878
acc 11404 0.041260 0.003662 0.979492
gyro 11404 0.259542 1.312977 -4.244275
acc 11416 0.040771 -0.005615 0.974121
gyro 11416 0.458015 1.587786 -4.427481
acc 11427 0.036865 -0.004395 0.968262
gyro 11427 0.274809 1.389313 -4.366412
acc 11439 0.040527 -0.006592 0.970459
gyro 11439 0.137405 1.343511 -4.274809
acc 11451 0.038818 -0.003662 0.962891
gyro 11451 0.351145 1.496183 -4.351145
acc 11463 0.039062 -0.003174 0.971924
gyro 11463 0.351145 1.282443 -4.320611
acc 11474 0.035400 -0.000488 0.979980
gyro 11474 0.396947 1.343511 -4.458015
acc 11486 0.040771 -0.005127 0.979248
gyro 11486 0.488550 1.007634 -4.198473
acc 11498 0.040039 0.000244 0.973633
gyro 11498 0.335878 1.175573 -4.198473
acc 11509 0.044922 -0.008301 0.977295
gyro 11509 0.458015 1.358779 -4.290076
acc 11521 0.040771 -0.002930 0.969238
gyro 11521 0.351145 1.358779 -4.320611
acc 11533 0.038818 -0.003174 0.967529
gyro 11533 0.351145 1.343511 -4.305344
acc 11545 0.036865 -0.005615 0.971191
gyro 11545 0.106870 1.374046 -4.396946
acc 11556 0.044189 -0.012451 0.964844
gyro 11556 0.259542 1.206107 -4.198473
acc 11568 0.043213 -0.003418 0.973145
gyro 11568 0.366412 1.343511 -4.290076
acc 11580 0.042969 -0.002441 0.969727
gyro 11580 0.412214 1.343511 -4.335878
acc 11591 0.043945 -0.003662 0.970215
gyro 11591 0.396947 1.175573 -4.412214
acc 11603 0.041504 -0.005859 0.966309
gyro 11603 0.442748 1.328244 -4.244275
acc 11615 0.041016 -0.004150 0.962891
gyro 11615 0.396947 1.221374 -4.290076
acc 11627 0.043213 -0.004395 0.970703
gyro 11627 0.290076 1.236641 -4.335878
acc 11638 0.042725 -0.000732 0.968018
gyro 11638 0.244275 1.145038 -4.274809
acc 11650 0.038330 -0.002686 0.973145
gyro 11650 0.381679 1.160305 -4.412214
acc 11662 0.037354 -0.006836 0.969238
gyro 11662 0.412214 1.358779 -4.122138
acc 11673 0.043457 -0.003662 0.975830
gyro 11673 0.351145 1.343511 -4.396946
acc 11685 0.043457 -0.009033 0.967285
gyro 11685 0.335878 1.297710 -4.320611
acc 11697 0.040527 -0.002930 0.972900
gyro 11697 0.351145 1.374046 -4.122138
acc 11709 0.040039 -0.005615 0.968506
gyro 11709 0.503817 1.251908 -4.213740
acc 11720 0.037598 -0.005127 0.962402
gyro 11720 0.351145 1.419847 -4.320611
acc 11732 0.036133 -0.007080 0.963379
gyro 11732 0.396947 1.358779 -4.412214
acc 11744 0.037354 -0.008545 0.983887
gyro 11744 0.274809 1.206107 -4.534351
acc 11755 0.042480 -0.003662 0.968506
gyro 11755 0.442748 1.145038 -4.427481
acc 11767 0.047363 -0.007080 0.967285
gyro 11767 0.442748 1.328244 -4.259542
acc 11779 0.043701 -0.001465 0.979004
gyro 11779 0.473282 1.190840 -4.351145
acc 11791 0.039062 -0.011719 0.970947
gyro 11791 0.412214 1.206107 -4.259542
acc 11802 0.044678 -0.006104 0.967285
gyro 11802 0.427481 1.282443 -4.427481
acc 11814 0.035645 -0.002930 0.976562
gyro 11814 0.335878 1.297710 -4.488550
acc 11826 0.038086 -0.003174 0.982910
gyro 11826 0.396947 1.282443 -4.396946
acc 11837 0.043945 -0.001709 0.977783
gyro 11837 0.473282 1.328244 -4.259542
acc 11849 0.044678 -0.002441 0.975830
gyro 11849 0.305344 1.343511 -4.274809
acc 11861 0.038330 -0.000977 0.977295
gyro 11861 0.488550 1.221374 -4.305344
acc 11872 0.040039 -0.004150 0.977295
gyro 11872 0.229008 1.389313 -4.259542
acc 11884 0.041992 -0.004395 0.975586
gyro 11884 0.274809 1.251908 -4.366412
acc 11896 0.044189 -0.008301 0.979492
gyro 11896 0.396947 1.465649 -4.274809
acc 11908 0.043945 -0.007812 0.971436
gyro 11908 0.427481 1.374046 -4.473282
acc 11919 0.041992 -0.002930 0.969727
gyro 11919 0.427481 1.297710 -4.412214
acc 11931 0.042725 -0.007080 0.974121
gyro 11931 0.366412 1.206107 -4.244275
acc 11943 0.038574 -0.006592 0.971680
gyro 11943 0.564885 1.282443 -4.427481
acc 11954 0.045166 -0.005371 0.975098
gyro 11954 0.427481 1.221374 -4.305344
acc 11966 0.047607 -0.002930 0.966064
gyro 11966 0.381679 1.221374 -4.458015
acc 11978 0.041504 -0.007568 0.967041
gyro 11978 0.274809 1.526718 -4.244275
acc 11989 0.042725 -0.001221 0.972412
gyro 11989 0.519084 1.099237 -4.442748
acc 12001 0.042725 -0.007324 0.956055
gyro 12001 0.427481 1.343511 -4.091603
acc 12013 0.044189 -0.002441 0.964355
gyro 12013 0.259542 1.374046 -4.351145
acc 12025 0.041992 -0.010254 0.974854
gyro 12025 0.366412 1.435115 -4.396946
acc 12036 0.039062 -0.007812 0.967041
gyro 12036 0.290076 1.160305 -4.305344
acc 12048 0.042480 -0.003418 0.969238
gyro 12048 0.366412 1.236641 -4.198473
acc 12060 0.039062 -0.006348 0.962402
gyro 12060 0.366412 1.358779 -4.320611
acc 12071 0.041260 0.000977 0.968994
gyro 12071 0.442748 1.374046 -4.488550
acc 12083 0.046631 -0.007568 0.971436
gyro 12083 0.503817 1.328244 -4.427481
acc 12095 0.043945 -0.008789 0.978516
gyro 12095 0.549618 1.328244 -4.412214
acc 12107 0.040039 -0.012207 0.970947
gyro 12107 0.259542 1.175573 -4.549618
acc 12118 0.043457 -0.000732 0.983398
gyro 12118 0.305344 1.236641 -4.427481
acc 12130 0.044189 -0.008545 0.968262
gyro 12130 0.198473 1.267176 -4.519084
acc 12142 0.045166 -0.016357 0.973633
gyro 12142 0.519084 1.267176 -4.351145
acc 12153 0.043701 -0.010254 0.977051
gyro 12153 0.290076 1.282443 -4.198473
acc 12165 0.039307 -0.004639 0.965332
gyro 12165 0.290076 1.450382 -4.229008
acc 12177 0.040771 -0.004150 0.971436
gyro 12177 0.244275 1.450382 -4.320611
acc 12189 0.040527 0.000977 0.977539
gyro 12189 0.167939 1.389313 -4.229008
acc 12200 0.044189 -0.005859 0.968262
gyro 12200 0.335878 1.328244 -4.290076
acc 12212 0.043457 -0.004395 0.969482
gyro 12212 0.351145 1.465649 -4.320611
acc 12224 0.047852 -0.000977 0.969971
gyro 12224 0.427481 1.496183 -4.412214
acc 12235 0.041260 -0.005371 0.975586
gyro 12235 0.229008 1.419847 -4.396946
acc 12247 0.039307 -0.005371 0.981689
gyro 12247 0.442748 1.190840 -4.519084
acc 12259 0.041504 -0.009033 0.963623
gyro 12259 0.290076 1.267176 -4.442748
acc 12270 0.037598 -0.004150 0.969727
gyro 12270 0.381679 1.267176 -4.335878
acc 12282 0.047119 -0.004150 0.971924
gyro 12282 0.305344 1.435115 -4.396946
acc 12294 0.046387 -0.009766 0.965332
gyro 12294 0.351145 1.480916 -4.503817
acc 12306 0.035156 -0.004150 0.975342
gyro 12306 0.396947 1.328244 -4.442748
acc 12317 0.041016 0.000488 0.967773
gyro 12317 0.549618 1.312977 -4.366412
acc 12329 0.043701 -0.010986 0.974609
gyro 12329 0.503817 1.312977 -4.396946
acc 12341 0.042236 -0.008789 0.978271
gyro 12341 0.290076 1.343511 -4.335878
acc 12352 0.042480 -0.004150 0.964111
gyro 12352 0.290076 1.328244 -4.213740
acc 12364 0.044434 -0.001709 0.963379
gyro 12364 0.183206 1.435115 -4.106870
acc 12376 0.040283 -0.004883 0.972412
gyro 12376 0.366412 1.282443 -4.305344
acc 12388 0.033691 -0.003174 0.964111
gyro 12388 0.366412 1.450382 -4.137404
acc 12399 0.045654 -0.006104 0.965088
gyro 12399 0.580153 1.297710 -4.167939
acc 12411 0.045898 -0.003174 0.972900
gyro 12411 0.274809 1.480916 -4.351145
acc 12423 0.038330 -0.005859 0.966309
gyro 12423 0.335878 1.038168 -4.519084
acc 12434 0.044922 0.000244 0.974121
gyro 12434 0.473282 1.267176 -4.274809
acc 12446 0.043213 -0.007812 0.970703
gyro 12446 0.335878 1.160305 -4.290076
acc 12458 0.044922 -0.003906 0.968506
gyro 12458 0.473282 1.312977 -4.305344
acc 12470 0.035400 -0.004150 0.974609
gyro 12470 0.305344 1.328244 -4.305344
acc 12481 0.035645 0.000732 0.977295
gyro 12481 0.412214 1.419847 -4.274809
acc 12493 0.041992 -0.010742 0.972168
gyro 12493 0.335878 1.312977 -4.427481
acc 12505 0.036865 -0.002197 0.977295
gyro 12505 0.366412 1.312977 -4.335878
acc 12516 0.041992 -0.005859 0.972656
gyro 12516 0.351145 1.297710 -4.503817
acc 12528 0.045654 -0.001221 0.978027
gyro 12528 0.366412 1.175573 -4.305344
acc 12540 0.043701 -0.001953 0.974854
gyro 12540 0.274809 1.465649 -4.198473
acc 12551 0.046875 -0.000244 0.975342
gyro 12551 0.290076 1.221374 -4.442748
acc 12563 0.044189 -0.004883 0.972900
gyro 12563 0.442748 1.374046 -4.183206
acc 12575 0.046387 -0.000244 0.962158
gyro 12575 0.473282 1.083969 -4.473282
acc 12587 0.041992 -0.004883 0.971436
gyro 12587 0.488550 1.282443 -4.198473
acc 12598 0.045654 -0.006836 0.972656
gyro 12598 0.427481 1.358779 -4.213740
acc 12610 0.040039 -0.001953 0.963623
gyro 12610 0.229008 1.312977 -4.351145
acc 12622 0.043457 -0.007812 0.972412
gyro 12622 0.335878 1.389313 -4.412214
acc 12633 0.040283 -0.008545 0.970947
gyro 12633 0.274809 1.160305 -4.381680
acc 12645 0.041260 0.000244 0.979248
gyro 12645 0.381679 1.343511 -4.305344
acc 12657 0.038818 0.001953 0.965576
gyro 12657 0.580153 1.328244 -4.366412
acc 12669 0.040527 -0.000488 0.976807
gyro 12669 0.259542 1.435115 -4.198473
acc 12680 0.040771 -0.009521 0.974365
gyro 12680 0.366412 1.465649 -4.396946
acc 12692 0.040771 -0.006104 0.978760
gyro 12692 0.488550 1.343511 -4.274809
acc 12704 0.045410 -0.002930 0.976562
gyro 12704 0.198473 1.496183 -4.320611
acc 12715 0.044678 -0.006592 0.967285
gyro 12715 0.335878 1.282443 -4.427481
acc 12727 0.036865 -0.005615 0.977051
gyro 12727 0.335878 1.343511 -4.320611
acc 12739 0.039551 -0.003418 0.967529
gyro 12739 0.320611 1.190840 -4.412214
acc 12751 0.044189 -0.002197 0.978760
gyro 12751 0.442748 1.236641 -4.351145
acc 12762 0.041260 -0.003418 0.972168
gyro 12762 0.290076 1.374046 -4.396946
acc 12774 0.041748 -0.010254 0.980225
gyro 12774 0.473282 1.206107 -4.488550
acc 12786 0.049316 -0.005127 0.973633
gyro 12786 0.396947 1.328244 -4.320611
acc 12797 0.042969 -0.004639 0.967773
gyro 12797 0.381679 1.343511 -4.458015
acc 12809 0.047363 0.002197 0.972168
gyro 12809 0.320611 1.145038 -4.351145
acc 12821 0.048584 -0.001465 0.975830
gyro 12821 0.305344 1.389313 -4.320611
acc 12833 0.045654 -0.003418 0.966064
gyro 12833 0.442748 1.251908 -4.290076
acc 12844 0.043945 -0.003418 0.970215
gyro 12844 0.290076 1.190840 -4.381680
acc 12856 0.041748 -0.008545 0.967529
gyro 12856 0.366412 1.007634 -4.229008
acc 12868 0.042725 -0.010254 0.965820
gyro 12868 0.290076 1.206107 -4.290076
acc 12879 0.043945 -0.004150 0.974609
gyro 12879 0.412214 1.297710 -4.458015
acc 12891 0.036865 -0.002930 0.975830
gyro 12891 0.412214 1.435115 -4.351145
acc 12903 0.047363 -0.008789 0.969482
gyro 12903 0.244275 1.389313 -4.320611
acc 12914 0.046631 -0.005615 0.974609
gyro 12914 0.396947 1.282443 -4.167939
acc 12926 0.042236 -0.003418 0.968750
gyro 12926 0.549618 1.358779 -4.137404
acc 12938 0.045410 0.001709 0.977295
gyro 12938 0.366412 1.251908 -4.396946
acc 12950 0.049561 -0.005371 0.970459
gyro 12950 0.412214 1.404580 -4.366412
acc 12961 0.040771 -0.008545 0.976318
gyro 12961 0.412214 1.267176 -4.503817
acc 12973 0.040283 -0.007812 0.975098
gyro 12973 0.305344 1.175573 -4.412214
acc 12985 0.044189 -0.004150 0.974365
gyro 12985 0.427481 1.114504 -4.412214
acc 12996 0.042480 -0.005859 0.973389
gyro 12996 0.427481 1.053435 -4.519084
acc 13008 0.045898 0.003906 0.970459
gyro 13008 0.259542 1.267176 -4.396946
acc 13020 0.048096 -0.007324 0.977783
gyro 13020 0.427481 1.343511 -4.305344
acc 13032 0.042725 -0.002441 0.966797
gyro 13032 0.351145 1.206107 -4.458015
acc 13043 0.044922 -0.002930 0.971680
gyro 13043 0.412214 1.297710 -4.152672
acc 13055 0.040771 -0.008789 0.979248
gyro 13055 0.412214 1.206107 -4.320611
acc 13067 0.039307 0.000244 0.965820
gyro 13067 0.320611 1.465649 -4.351145
acc 13078 0.048096 -0.002686 0.972900
gyro 13078 0.366412 1.282443 -4.000000
acc 13090 0.037598 -0.009277 0.981445
gyro 13090 0.427481 1.282443 -4.366412
acc 13102 0.041748 -0.001465 0.969727
gyro 13102 0.564885 1.389313 -4.473282
acc 13113 0.041260 -0.009766 0.972168
gyro 13113 0.458015 1.419847 -4.412214
acc 13125 0.037598 -0.007812 0.974854
gyro 13125 0.320611 1.282443 -4.305344
acc 13137 0.037598 -0.002930 0.962891
gyro 13137 0.396947 1.389313 -4.427481
acc 13149 0.040527 -0.010986 0.972168
gyro 13149 0.335878 1.419847 -4.259542
acc 13160 0.040039 -0.005371 0.972412
gyro 13160 0.274809 1.251908 -4.229008
acc 13172 0.041992 -0.004395 0.970459
gyro 13172 0.442748 1.450382 -4.442748
acc 13184 0.044922 -0.007812 0.973389
gyro 13184 0.519084 1.099237 -4.305344
acc 13195 0.038330 -0.007080 0.971436
gyro 13195 0.351145 1.419847 -4.183206
acc 13207 0.040527 -0.000488 0.975098
gyro 13207 0.320611 1.083969 -4.213740
acc 13219 0.043457 -0.003906 0.964355
gyro 13219 0.381679 1.343511 -4.442748
acc 13231 0.045898 -0.002930 0.977783
gyro 13231 0.396947 1.282443 -4.488550
acc 13242 0.046387 -0.001465 0.966309
gyro 13242 0.335878 1.236641 -4.427481
acc 13254 0.041260 -0.011475 0.975342
gyro 13254 0.412214 1.358779 -4.381680
acc 13266 0.044189 -0.008301 0.974121
gyro 13266 0.366412 1.419847 -4.488550
acc 13277 0.041016 -0.014404 0.977539
gyro 13277 0.442748 1.435115 -3.954198
acc 13289 0.042480 -0.005859 0.977539
gyro 13289 0.335878 1.297710 -4.503817
acc 13301 0.039795 -0.010254 0.969238
gyro 13301 0.412214 1.206107 -4.198473
acc 13313 0.040771 -0.001465 0.974365
gyro 13313 0.274809 1.190840 -4.290076
acc 13324 0.036865 -0.008057 0.973145
gyro 13324 0.351145 1.160305 -4.351145
acc 13336 0.042236 -0.003174 0.967285
gyro 13336 0.335878 1.068702 -4.549618
acc 13348 0.037354 -0.003174 0.972168
gyro 13348 0.503817 1.236641 -4.259542
acc 13359 0.045654 -0.003662 0.969727
gyro 13359 0.412214 1.328244 -4.167939
acc 13371 0.038086 -0.003906 0.971191
gyro 13371 0.717557 1.389313 -4.396946
acc 13383 0.041748 -0.000488 0.971191
gyro 13383 0.198473 1.374046 -4.259542
acc 13395 0.042725 -0.002686 0.970703
gyro 13395 0.412214 1.435115 -4.396946
acc 13406 0.045898 -0.001953 0.974121
gyro 13406 0.473282 1.282443 -4.335878
acc 13418 0.048584 -0.000977 0.972900
gyro 13418 0.351145 1.404580 -4.381680
acc 13430 0.040771 -0.010254 0.979736
gyro 13430 0.351145 1.328244 -4.320611
acc 13441 0.040527 -0.007812 0.968750
gyro 13441 0.442748 1.343511 -4.198473
acc 13453 0.040771 -0.009033 0.969482
gyro 13453 0.458015 1.450382 -4.274809
acc 13465 0.039062 -0.002930 0.980225
gyro 13465 0.351145 1.282443 -4.488550
acc 13476 0.041016 -0.007812 0.978027
gyro 13476 0.244275 1.389313 -4.320611
acc 13488 0.040527 -0.004150 0.965576
gyro 13488 0.320611 1.450382 -4.427481
acc 13500 0.042236 -0.009766 0.975098
gyro 13500 0.351145 1.221374 -4.366412
acc 13512 0.040771 -0.013184 0.970703
gyro 13512 0.274809 1.343511 -4.198473
acc 13523 0.042236 -0.006104 0.972900
gyro 13523 0.366412 1.022901 -4.335878
acc 13535 0.039307 0.000977 0.969482
gyro 13535 0.305344 1.129771 -4.351145
acc 13547 0.042236 -0.005127 0.973389
gyro 13547 0.564885 1.221374 -4.290076
acc 13558 0.039795 -0.004883 0.973145
gyro 13558 0.351145 1.297710 -4.396946
acc 13570 0.045166 -0.004883 0.970947
gyro 13570 0.427481 1.603053 -4.503817
acc 13582 0.039062 0.000000 0.973633
gyro 13582 0.427481 1.465649 -4.229008
acc 13594 0.043945 -0.002441 0.979492
gyro 13594 0.595420 1.526718 -4.213740
acc 13605 0.040283 -0.001953 0.974365
gyro 13605 0.366412 1.282443 -4.488550
acc 13617 0.038330 -0.005127 0.964111
gyro 13617 0.534351 1.282443 -4.137404
acc 13629 0.042725 0.000732 0.966797
gyro 13629 0.396947 1.206107 -4.396946
acc 13640 0.040771 -0.008789 0.976562
gyro 13640 0.427481 1.358779 -4.290076
acc 13652 0.039062 -0.003662 0.972412
gyro 13652 0.305344 1.312977 -4.305344
acc 13664 0.041992 -0.011230 0.965820
gyro 13664 0.381679 1.343511 -4.244275
acc 13675 0.038330 -0.004639 0.984131
gyro 13675 0.396947 1.267176 -4.244275
acc 13687 0.036621 -0.007080 0.976074
gyro 13687 0.366412 1.206107 -4.274809
acc 13699 0.044434 -0.009277 0.965576
gyro 13699 0.366412 1.541985 -4.152672
acc 13711 0.036621 -0.000488 0.966553
gyro 13711 0.503817 1.297710 -4.259542
acc 13722 0.040039 -0.007324 0.982422
gyro 13722 0.610687 1.297710 -4.229008
acc 13734 0.040771 -0.002197 0.977051
gyro 13734 0.442748 1.206107 -4.305344
acc 13746 0.040283 -0.002686 0.964600
gyro 13746 0.473282 1.160305 -4.381680
acc 13757 0.041504 -0.008545 0.961914
gyro 13757 0.290076 1.312977 -4.274809
acc 13769 0.038330 -0.007080 0.974121
gyro 13769 0.335878 1.328244 -4.473282