gyro 2061 0.519084 1.343511 -4.106870
gyro 2073 0.427481 1.374046 -4.290076
gyro 2085 0.564885 1.267176 -4.488550
gyro 2096 0.564885 1.206107 -4.305344
gyro 2108 0.274809 1.282443 -4.564886
gyro 2120 0.351145 1.221374 -4.396946
gyro 2132 0.152672 1.297710 -4.305344
gyro 2144 0.244275 1.328244 -4.305344
gyro 2156 0.320611 1.221374 -4.320611
gyro 2168 0.351145 1.328244 -4.534351
gyro 2180 0.213740 1.282443 -4.259542
gyro 2191 0.488550 1.267176 -4.290076
gyro 2203 0.351145 1.297710 -4.290076
gyro 2215 0.305344 1.221374 -4.320611
gyro 2227 0.519084 1.221374 -4.167939
gyro 2239 0.473282 1.465649 -4.137404
gyro 2251 0.351145 1.297710 -4.351145
gyro 2263 0.427481 1.343511 -4.366412
gyro 2275 0.442748 1.343511 -4.152672
gyro 2286 0.519084 1.358779 -4.366412
gyro 2298 0.458015 1.206107 -4.396946
gyro 2310 0.473282 1.511450 -4.259542
gyro 2322 0.213740 1.374046 -4.290076
gyro 2334 0.458015 1.251908 -4.259542
gyro 2346 0.198473 1.328244 -4.381680
gyro 2358 0.366412 1.297710 -4.259542
gyro 2370 0.351145 1.282443 -4.213740
gyro 2381 0.290076 1.251908 -4.473282
gyro 2393 0.427481 1.160305 -4.549618
gyro 2405 0.442748 1.511450 -4.320611
gyro 2417 0.366412 1.129771 -4.213740
gyro 2429 0.549618 1.236641 -4.427481
gyro 2441 0.442748 1.297710 -4.213740
gyro 2453 0.519084 1.267176 -4.167939
gyro 2465 0.274809 1.282443 -4.442748
gyro 2476 0.351145 1.145038 -4.396946
gyro 2488 0.473282 1.374046 -4.091603
gyro 2500 0.122137 1.419847 -4.259542
gyro 2512 0.458015 1.221374 -4.427481
gyro 2524 0.213740 1.389313 -4.274809
gyro 2536 0.290076 1.206107 -4.259542
gyro 2548 0.442748 1.251908 -4.229008
gyro 2560 0.610687 1.480916 -4.351145
gyro 2571 0.580153 1.312977 -4.183206
gyro 2583 0.351145 1.312977 -4.427481
gyro 2595 0.320611 1.236641 -4.412214
gyro 2607 0.320611 1.358779 -4.152672
gyro 2619 0.412214 1.236641 -4.152672
gyro 2631 0.335878 1.160305 -4.213740
gyro 2643 0.503817 1.328244 -4.320611
gyro 2655 0.366412 1.083969 -4.427481
gyro 2666 0.549618 1.251908 -4.198473
gyro 2678 0.473282 1.267176 -4.396946
gyro 2690 0.458015 1.343511 -4.381680
gyro 2702 0.366412 1.175573 -4.290076
gyro 2714 0.351145 1.450382 -4.229008
gyro 2726 0.366412 1.358779 -4.320611
gyro 2738 0.305344 1.236641 -4.152672
gyro 2750 0.274809 1.312977 -4.229008
gyro 2761 0.442748 1.389313 -4.473282
gyro 2773 0.305344 1.236641 -4.290076
gyro 2785 0.549618 1.221374 -4.335878
gyro 2797 0.305344 1.343511 -4.503817
gyro 2809 0.427481 1.343511 -4.396946
gyro 2821 0.534351 1.328244 -4.076336
gyro 2833 0.458015 1.312977 -4.320611
gyro 2845 0.305344 1.358779 -4.183206
gyro 2856 0.366412 1.145038 -4.366412
gyro 2868 0.488550 1.251908 -4.274809
gyro 2880 0.229008 1.267176 -4.229008
gyro 2892 0.396947 1.312977 -4.198473
gyro 2904 0.351145 1.175573 -4.213740
gyro 2916 0.320611 1.221374 -4.351145
gyro 2928 0.320611 1.328244 -4.213740
gyro 2940 0.396947 1.236641 -4.320611
gyro 2951 0.274809 1.374046 -4.274809
gyro 2963 0.305344 1.083969 -4.320611
gyro 2975 0.564885 1.206107 -4.488550
gyro 2987 0.229008 1.267176 -4.473282
gyro 2999 0.351145 1.236641 -4.137404
gyro 3011 0.442748 1.206107 -4.091603
gyro 3023 0.549618 1.297710 -4.213740
gyro 3035 0.381679 1.267176 -4.229008
gyro 3046 0.473282 1.190840 -4.229008
gyro 3058 0.335878 1.297710 -4.290076
gyro 3070 0.427481 1.282443 -4.473282
gyro 3082 0.366412 1.145038 -4.351145
gyro 3094 0.488550 1.297710 -4.320611
gyro 3106 0.519084 1.236641 -4.274809
gyro 3118 0.427481 1.297710 -4.412214
gyro 3130 0.412214 1.328244 -4.229008
gyro 3141 0.305344 1.267176 -4.396946
gyro 3153 0.610687 1.282443 -4.229008
gyro 3165 0.351145 1.251908 -4.381680
gyro 3177 0.427481 1.282443 -4.167939
gyro 3189 0.458015 1.435115 -4.213740
gyro 3201 0.458015 1.358779 -4.061069
gyro 3213 0.259542 1.282443 -4.427481
gyro 3225 0.473282 1.404580 -4.305344
gyro 3236 0.335878 1.312977 -4.320611
gyro 3248 0.366412 1.328244 -4.290076
gyro 3260 0.366412 1.282443 -4.183206
gyro 3272 0.290076 1.328244 -4.137404
gyro 3284 0.427481 1.358779 -4.259542
gyro 3296 0.396947 1.480916 -4.198473
gyro 3308 0.503817 1.251908 -4.229008
gyro 3320 0.305344 1.282443 -4.167939
gyro 3332 0.610687 1.312977 -4.259542
gyro 3343 0.351145 1.404580 -4.259542
gyro 3355 0.351145 1.419847 -4.580153
gyro 3367 0.580153 1.145038 -4.519084
gyro 3379 0.503817 1.236641 -4.427481
gyro 3391 0.381679 1.236641 -4.412214
gyro 3403 0.274809 1.251908 -4.335878
gyro 3415 0.412214 1.145038 -4.335878
gyro 3427 0.351145 1.389313 -4.290076
gyro 3438 0.488550 1.312977 -4.259542
gyro 3450 0.442748 1.068702 -4.488550
gyro 3462 0.427481 1.312977 -4.091603
gyro 3474 0.351145 1.297710 -4.412214
gyro 3486 0.351145 1.358779 -4.290076
gyro 3498 0.442748 1.175573 -4.396946
gyro 3510 0.381679 1.374046 -4.229008
gyro 3522 0.595420 1.282443 -4.198473
gyro 3533 0.259542 1.358779 -4.473282
gyro 3545 0.427481 1.404580 -4.305344
gyro 3557 0.396947 1.190840 -4.320611
gyro 3569 0.412214 1.465649 -4.366412
gyro 3581 0.366412 1.297710 -4.274809
gyro 3593 0.549618 1.328244 -4.229008
gyro 3605 0.412214 1.465649 -4.106870
gyro 3617 0.519084 1.206107 -4.213740
gyro 3628 0.442748 1.282443 -4.381680
gyro 3640 0.366412 1.206107 -4.229008
gyro 3652 0.473282 1.343511 -4.152672
gyro 3664 0.106870 1.221374 -4.351145
gyro 3676 0.396947 1.114504 -4.274809
gyro 3688 0.534351 1.358779 -4.274809
gyro 3700 0.458015 1.267176 -4.213740
gyro 3712 0.534351 1.206107 -4.534351
gyro 3723 0.412214 1.236641 -4.366412
gyro 3735 0.427481 1.328244 -4.442748
gyro 3747 0.274809 1.251908 -4.259542
gyro 3759 0.488550 1.435115 -4.396946
gyro 3771 0.687023 1.022901 -4.137404
gyro 3783 0.488550 1.343511 -4.167939
gyro 3795 0.519084 1.389313 -4.229008
gyro 3807 0.488550 1.328244 -4.381680
gyro 3818 0.473282 1.404580 -4.198473
gyro 3830 0.213740 1.404580 -4.198473
gyro 3842 0.351145 1.343511 -4.519084
gyro 3854 0.442748 1.221374 -4.305344
gyro 3866 0.396947 1.312977 -4.213740
gyro 3878 0.412214 1.099237 -4.152672
gyro 3890 0.580153 1.145038 -4.274809
gyro 3902 0.320611 1.221374 -4.396946
gyro 3913 0.503817 1.251908 -4.366412
gyro 3925 0.519084 1.190840 -4.473282
gyro 3937 0.442748 1.236641 -4.335878
gyro 3949 0.351145 1.297710 -4.458015
gyro 3961 0.320611 1.282443 -4.366412
gyro 3973 0.381679 1.114504 -4.305344
gyro 3985 0.183206 1.282443 -4.244275
gyro 3997 0.458015 1.160305 -4.305344
gyro 4009 0.458015 1.526718 -4.213740
gyro 4020 0.335878 1.312977 -4.366412
gyro 4032 0.381679 1.328244 -4.290076
gyro 4044 0.396947 1.358779 -4.351145
gyro 4056 0.305344 1.358779 -4.320611
gyro 4068 0.641221 1.129771 -4.122138
gyro 4080 0.412214 1.221374 -4.274809
gyro 4092 0.564885 1.374046 -4.015267
gyro 4104 0.396947 1.160305 -4.412214
gyro 4115 0.503817 1.160305 -4.503817
gyro 4127 0.641221 1.312977 -4.320611
gyro 4139 0.473282 1.236641 -4.396946
gyro 4151 0.534351 1.282443 -4.274809
gyro 4163 0.564885 1.419847 -4.366412
gyro 4175 0.458015 1.358779 -4.137404
gyro 4187 0.488550 1.221374 -4.274809
gyro 4199 0.488550 1.282443 -4.458015
gyro 4210 0.625954 1.343511 -4.122138
gyro 4222 0.412214 1.190840 -4.290076
gyro 4234 0.351145 1.404580 -4.351145
gyro 4246 0.305344 1.465649 -4.442748
gyro 4258 0.381679 1.251908 -4.366412
gyro 4270 0.412214 1.099237 -4.259542
gyro 4282 0.335878 1.312977 -4.381680
gyro 4294 0.366412 1.099237 -4.167939
gyro 4305 0.488550 1.419847 -4.305344
gyro 4317 0.519084 1.251908 -4.320611
gyro 4329 0.351145 1.267176 -4.519084
gyro 4341 0.580153 1.129771 -4.290076
gyro 4353 0.320611 1.419847 -4.381680
gyro 4365 0.473282 1.419847 -4.198473
gyro 4377 0.427481 1.160305 -4.412214
gyro 4389 0.473282 1.328244 -4.274809
gyro 4400 0.396947 1.312977 -4.061069
gyro 4412 0.412214 1.435115 -4.412214
gyro 4424 0.442748 1.160305 -4.030534
gyro 4436 0.473282 1.145038 -4.183206
gyro 4448 0.702290 1.343511 -4.076336
gyro 4460 0.259542 1.343511 -4.381680
gyro 4472 0.488550 1.419847 -4.152672
gyro 4484 0.274809 1.404580 -4.122138
gyro 4495 0.458015 1.221374 -4.427481
gyro 4507 0.427481 1.236641 -4.351145
gyro 4519 0.335878 1.374046 -4.320611
gyro 4531 0.458015 1.328244 -4.381680
gyro 4543 0.335878 1.312977 -4.335878
gyro 4555 0.458015 1.068702 -4.274809
gyro 4567 0.503817 1.236641 -4.244275
gyro 4579 0.534351 1.328244 -4.183206
gyro 4590 0.412214 1.480916 -4.290076
gyro 4602 0.427481 1.526718 -4.183206
gyro 4614 0.381679 1.114504 -4.274809
gyro 4626 0.442748 1.267176 -4.320611
gyro 4638 0.335878 1.114504 -4.335878
gyro 4650 0.412214 1.328244 -4.412214
gyro 4662 0.351145 1.404580 -4.335878
gyro 4674 0.396947 1.374046 -4.381680
gyro 4685 0.351145 1.236641 -4.183206
gyro 4697 0.320611 1.175573 -4.473282
gyro 4709 0.549618 1.312977 -4.381680
gyro 4721 0.503817 1.419847 -4.488550
gyro 4733 0.427481 1.404580 -4.320611
gyro 4745 0.503817 1.343511 -4.305344
gyro 4757 0.519084 1.312977 -4.320611
gyro 4769 0.473282 1.282443 -4.167939
gyro 4780 0.290076 1.404580 -4.274809
gyro 4792 0.503817 1.221374 -4.305344
gyro 4804 0.320611 1.435115 -4.320611
gyro 4816 0.335878 1.251908 -4.274809
gyro 4828 0.427481 1.297710 -4.183206
gyro 4840 0.488550 1.312977 -4.473282
gyro 4852 0.320611 1.221374 -4.458015
gyro 4863 0.442748 1.465649 -4.351145
gyro 4875 0.503817 1.007634 -4.351145
gyro 4887 0.412214 1.297710 -4.152672
gyro 4899 0.534351 1.328244 -4.106870
gyro 4911 0.320611 1.297710 -3.984733
gyro 4923 0.427481 1.297710 -4.290076
gyro 4935 0.473282 1.343511 -4.396946
gyro 4947 0.320611 1.236641 -4.045802
gyro 4958 0.488550 1.358779 -4.305344
gyro 4970 0.473282 1.404580 -4.320611
gyro 4982 0.396947 1.374046 -4.488550
gyro 4994 0.229008 1.312977 -4.534351
gyro 5006 0.473282 1.389313 -4.366412
gyro 5018 0.381679 1.129771 -4.335878
gyro 5030 0.366412 1.358779 -4.305344
gyro 5042 0.488550 1.450382 -4.320611
gyro 5053 0.458015 1.450382 -4.290076
gyro 5065 0.442748 1.022901 -4.290076
gyro 5077 0.198473 1.328244 -4.335878
gyro 5089 0.519084 1.160305 -4.244275
gyro 5101 0.473282 1.465649 -4.442748
gyro 5113 0.366412 1.160305 -4.198473
gyro 5125 0.488550 1.343511 -4.351145
gyro 5137 0.396947 1.236641 -4.259542
gyro 5148 0.519084 1.160305 -4.183206
gyro 5160 0.381679 1.328244 -4.305344
gyro 5172 0.335878 1.343511 -4.137404
gyro 5184 0.320611 1.572519 -4.213740
gyro 5196 0.473282 1.190840 -4.427481
gyro 5208 0.381679 1.419847 -4.381680
gyro 5220 0.259542 1.221374 -4.290076
gyro 5232 0.396947 1.267176 -4.290076
gyro 5244 0.427481 1.389313 -4.167939
gyro 5255 0.396947 1.450382 -4.274809
gyro 5267 0.442748 1.267176 -4.396946
gyro 5279 0.412214 1.618321 -4.366412
gyro 5291 0.442748 1.374046 -4.076336
gyro 5303 0.335878 1.435115 -4.259542
gyro 5315 0.305344 1.312977 -4.473282
gyro 5327 0.396947 1.450382 -4.381680
gyro 5338 0.305344 1.206107 -4.366412
gyro 5350 0.351145 1.236641 -4.152672
gyro 5362 0.335878 1.343511 -4.213740
gyro 5374 0.519084 1.374046 -4.122138
gyro 5386 0.290076 1.374046 -4.274809
gyro 5398 0.458015 1.358779 -4.396946
gyro 5410 0.519084 1.312977 -4.290076
gyro 5422 0.473282 1.343511 -4.061069
gyro 5433 0.519084 1.206107 -4.137404
gyro 5445 0.274809 1.175573 -4.412214
gyro 5457 0.564885 1.328244 -4.290076
gyro 5469 0.534351 1.496183 -4.381680
gyro 5481 0.335878 1.297710 -4.274809
gyro 5493 0.549618 1.328244 -4.366412
gyro 5505 0.488550 1.251908 -4.152672
gyro 5517 0.442748 1.328244 -4.351145
gyro 5528 0.351145 1.358779 -4.183206
gyro 5540 0.320611 1.312977 -4.244275
gyro 5552 0.213740 1.206107 -4.244275
gyro 5564 0.229008 1.206107 -4.152672
gyro 5576 0.412214 1.236641 -4.381680
gyro 5588 0.335878 1.175573 -4.229008
gyro 5600 0.290076 1.297710 -4.290076
gyro 5612 0.595420 1.435115 -4.198473
gyro 5623 0.519084 1.480916 -4.305344
gyro 5635 0.366412 1.389313 -4.458015
gyro 5647 0.320611 1.328244 -4.366412
gyro 5659 0.381679 1.175573 -4.458015
gyro 5671 0.564885 1.221374 -4.351145
gyro 5683 0.198473 1.343511 -4.366412
gyro 5695 0.412214 1.404580 -4.198473
gyro 5707 0.274809 1.282443 -4.503817
gyro 5718 0.396947 1.083969 -4.274809
gyro 5730 0.503817 1.068702 -4.320611
gyro 5742 0.473282 1.480916 -4.519084
gyro 5754 0.473282 1.251908 -4.229008
gyro 5766 0.198473 1.267176 -4.366412
gyro 5778 0.412214 1.404580 -4.427481
gyro 5790 0.549618 1.282443 -4.335878
gyro 5802 0.381679 1.190840 -4.137404
gyro 5813 0.458015 1.496183 -4.259542
gyro 5825 0.503817 1.251908 -4.274809
gyro 5837 0.229008 1.450382 -4.427481
gyro 5849 0.274809 1.282443 -4.244275
gyro 5861 0.549618 1.374046 -4.366412
gyro 5873 0.488550 1.206107 -4.473282
gyro 5885 0.427481 1.129771 -4.167939
gyro 5897 0.381679 1.175573 -4.167939
gyro 5908 0.335878 1.053435 -4.106870
gyro 5920 0.366412 1.389313 -4.351145
gyro 5932 0.442748 1.511450 -4.290076
gyro 5944 0.442748 1.206107 -4.259542
gyro 5956 0.396947 1.236641 -4.198473
gyro 5968 0.473282 1.145038 -4.305344
gyro 5980 0.381679 1.282443 -4.473282
gyro 5992 0.381679 1.343511 -4.335878
gyro 6003 0.381679 1.572519 -4.320611
gyro 6015 0.412214 1.129771 -4.412214
gyro 6027 0.305344 1.618321 -4.351145
gyro 6039 0.351145 1.358779 -4.381680
gyro 6051 0.442748 1.343511 -4.244275
gyro 6063 0.427481 1.419847 -4.183206
gyro 6075 0.244275 1.404580 -4.259542
gyro 6087 0.442748 1.343511 -4.152672
gyro 6098 0.213740 1.435115 -4.320611
gyro 6110 0.198473 1.328244 -4.351145
gyro 6122 0.366412 1.374046 -4.320611
gyro 6134 0.427481 1.251908 -4.412214
gyro 6146 0.412214 1.419847 -4.213740
gyro 6158 0.427481 1.206107 -4.381680
gyro 6170 0.595420 1.251908 -4.488550
gyro 6182 0.442748 1.435115 -4.274809
gyro 6193 0.503817 1.526718 -4.458015
gyro 6205 0.381679 1.435115 -4.351145
gyro 6217 0.534351 1.297710 -4.259542
gyro 6229 0.458015 1.221374 -4.274809
gyro 6241 0.519084 1.190840 -4.106870
gyro 6253 0.458015 1.312977 -4.412214
gyro 6265 0.641221 1.099237 -4.320611
gyro 6277 0.335878 1.267176 -4.229008
gyro 6288 0.442748 1.251908 -4.229008
gyro 6300 0.366412 1.236641 -4.213740
gyro 6312 0.503817 1.374046 -4.427481
gyro 6324 0.595420 1.236641 -4.274809
gyro 6336 0.503817 1.251908 -4.198473
gyro 6348 0.335878 1.160305 -4.427481
gyro 6360 0.458015 1.251908 -4.351145
gyro 6372 0.396947 1.145038 -4.259542
gyro 6383 0.442748 1.282443 -4.274809
gyro 6395 0.442748 1.572519 -4.244275
gyro 6407 0.458015 1.160305 -4.198473
gyro 6419 0.244275 1.404580 -4.351145
gyro 6431 0.595420 1.236641 -4.396946
gyro 6443 0.503817 1.251908 -4.122138
gyro 6455 0.351145 1.450382 -4.458015
gyro 6467 0.335878 1.465649 -4.366412
gyro 6478 0.366412 1.206107 -4.213740
gyro 6490 0.610687 1.129771 -4.549618
gyro 6502 0.320611 1.480916 -4.244275
gyro 6514 0.396947 1.374046 -4.381680
gyro 6526 0.351145 1.175573 -4.213740
gyro 6538 0.396947 1.389313 -4.213740
gyro 6550 0.488550 1.419847 -4.198473
gyro 6562 0.564885 1.145038 -4.122138
gyro 6573 0.534351 1.343511 -4.213740
gyro 6585 0.458015 1.190840 -4.274809
gyro 6597 0.259542 1.450382 -4.290076
gyro 6609 0.442748 1.465649 -4.320611
gyro 6621 0.244275 1.236641 -4.305344
gyro 6633 0.442748 1.297710 -4.198473
gyro 6645 0.290076 1.450382 -4.030534
gyro 6657 0.366412 1.343511 -4.366412
gyro 6668 0.320611 1.236641 -4.442748
gyro 6680 0.427481 1.267176 -4.229008
gyro 6692 0.488550 1.175573 -4.320611
gyro 6704 0.595420 1.343511 -4.320611
gyro 6716 0.458015 1.297710 -4.244275
gyro 6728 0.458015 1.297710 -4.458015
gyro 6740 0.366412 1.419847 -4.122138
gyro 6752 0.595420 1.190840 -4.167939
gyro 6763 0.656489 1.297710 -4.274809
gyro 6775 0.351145 1.328244 -4.305344
gyro 6787 0.473282 1.160305 -4.381680
gyro 6799 0.366412 1.267176 -4.137404
gyro 6811 0.259542 1.267176 -4.259542
gyro 6823 0.366412 1.404580 -4.396946
gyro 6835 0.351145 1.236641 -4.259542
gyro 6847 0.244275 1.175573 -4.198473
gyro 6858 0.213740 1.221374 -4.396946
gyro 6870 0.549618 1.282443 -4.351145
gyro 6882 0.366412 1.145038 -4.198473
gyro 6894 0.122137 1.297710 -4.244275
gyro 6906 0.305344 1.511450 -4.274809
gyro 6918 0.473282 1.221374 -4.259542
gyro 6930 0.473282 1.526718 -4.229008
gyro 6942 0.396947 1.648855 -4.229008
gyro 6953 0.427481 1.343511 -4.381680
gyro 6965 0.335878 1.328244 -4.320611
gyro 6977 0.366412 1.251908 -4.259542
gyro 6989 0.244275 1.022901 -4.274809
gyro 7001 0.290076 1.282443 -4.488550
gyro 7013 0.473282 1.465649 -4.580153
gyro 7025 0.488550 1.282443 -4.381680
gyro 7036 0.458015 1.374046 -4.320611
gyro 7048 0.488550 1.374046 -4.396946
gyro 7060 0.381679 1.145038 -4.198473
gyro 7072 0.564885 1.389313 -4.366412
gyro 7084 0.488550 1.190840 -4.549618
gyro 7096 0.580153 1.328244 -4.076336
gyro 7108 0.229008 0.992366 -4.259542
gyro 7120 0.442748 1.633588 -4.305344
gyro 7131 0.458015 1.312977 -4.320611
gyro 7143 0.458015 1.358779 -4.259542
gyro 7155 0.473282 1.114504 -4.396946
gyro 7167 0.427481 1.480916 -4.519084
gyro 7179 0.534351 1.129771 -4.366412
gyro 7191 0.519084 1.328244 -4.335878
gyro 7203 0.335878 1.099237 -4.366412
gyro 7215 0.305344 1.328244 -4.366412
gyro 7226 0.381679 1.267176 -4.320611
gyro 7238 0.595420 1.297710 -4.259542
gyro 7250 0.366412 1.190840 -4.305344
gyro 7262 0.366412 1.435115 -4.305344
gyro 7274 0.458015 1.297710 -4.381680
gyro 7286 0.320611 1.160305 -4.534351
gyro 7298 0.259542 1.587786 -4.305344
gyro 7310 0.458015 1.282443 -4.290076
gyro 7322 0.381679 1.145038 -4.213740
gyro 7333 0.488550 1.145038 -4.396946
gyro 7345 0.473282 1.190840 -4.167939
gyro 7357 0.412214 1.129771 -4.290076
gyro 7369 0.335878 1.374046 -4.396946
gyro 7381 0.656489 1.312977 -4.320611
gyro 7393 0.274809 1.160305 -4.396946
gyro 7405 0.259542 1.328244 -4.000000
gyro 7416 0.564885 1.374046 -4.290076
gyro 7428 0.473282 1.312977 -4.351145
gyro 7440 0.412214 1.465649 -4.198473
gyro 7452 0.305344 1.404580 -4.396946
gyro 7464 0.427481 1.328244 -4.244275
gyro 7476 0.335878 1.251908 -4.229008
gyro 7488 0.488550 1.389313 -4.549618
gyro 7500 0.351145 1.236641 -4.274809
gyro 7511 0.595420 1.221374 -4.229008
gyro 7523 0.641221 1.129771 -4.167939
gyro 7535 0.244275 1.221374 -4.335878
gyro 7547 0.274809 1.297710 -4.381680
gyro 7559 0.351145 1.236641 -4.045802
gyro 7571 0.396947 1.206107 -4.427481
gyro 7583 0.549618 1.129771 -4.259542
gyro 7595 0.381679 1.175573 -4.259542
gyro 7606 0.396947 1.099237 -4.274809
gyro 7618 0.381679 1.267176 -4.335878
gyro 7630 0.458015 1.267176 -4.320611
gyro 7642 0.320611 1.236641 -4.137404
gyro 7654 0.335878 1.038168 -4.427481
gyro 7666 0.244275 1.343511 -4.274809
gyro 7678 0.503817 1.496183 -4.259542
gyro 7690 0.274809 1.282443 -4.274809
gyro 7702 0.458015 1.145038 -4.244275
gyro 7713 0.351145 1.282443 -4.305344
gyro 7725 0.412214 1.282443 -4.198473
gyro 7737 0.427481 1.374046 -4.458015
gyro 7749 0.198473 1.374046 -4.305344
gyro 7761 0.366412 1.251908 -4.229008
gyro 7773 0.366412 1.251908 -4.396946
gyro 7785 0.351145 1.435115 -4.534351
gyro 7797 0.259542 1.450382 -4.274809
gyro 7808 0.213740 1.190840 -4.381680
gyro 7820 0.595420 1.404580 -4.366412
gyro 7832 0.473282 1.206107 -4.290076
gyro 7844 0.442748 1.267176 -4.290076
gyro 7856 0.381679 1.206107 -4.183206
gyro 7868 0.290076 1.404580 -4.473282
gyro 7880 0.473282 1.022901 -4.213740
gyro 7892 0.381679 1.541985 -4.259542
gyro 7903 0.427481 1.312977 -4.351145
gyro 7915 0.351145 1.267176 -4.213740
gyro 7927 0.503817 1.068702 -4.274809
gyro 7939 0.335878 1.511450 -4.045802
gyro 7951 0.427481 1.068702 -4.274809
gyro 7963 0.534351 1.633588 -4.152672
gyro 7975 0.335878 1.038168 -4.335878
gyro 7987 0.564885 1.404580 -4.458015
gyro 7998 0.351145 1.160305 -4.259542
gyro 8010 0.274809 1.480916 -4.305344
gyro 8022 0.320611 1.175573 -4.167939
gyro 8034 0.503817 1.236641 -4.320611
gyro 8046 0.381679 1.282443 -4.396946
gyro 8058 0.488550 1.221374 -4.183206
gyro 8070 0.351145 1.312977 -4.366412
gyro 8082 0.442748 1.083969 -4.305344
gyro 8093 0.381679 1.435115 -4.366412
gyro 8105 0.534351 1.282443 -4.259542
gyro 8117 0.305344 1.419847 -4.198473
gyro 8129 0.381679 1.175573 -4.396946
gyro 8141 0.244275 1.267176 -4.259542
gyro 8153 0.473282 1.221374 -4.534351
gyro 8165 0.473282 1.206107 -4.213740
gyro 8177 0.335878 1.450382 -4.259542
gyro 8188 0.335878 1.160305 -4.091603
gyro 8200 0.351145 1.404580 -4.366412
gyro 8212 0.564885 1.389313 -4.305344
gyro 8224 0.259542 1.358779 -4.213740
gyro 8236 0.442748 1.389313 -4.167939
gyro 8248 0.167939 1.404580 -4.442748
gyro 8260 0.458015 1.190840 -4.213740
gyro 8272 0.381679 1.297710 -4.274809
gyro 8283 0.381679 1.267176 -4.320611
gyro 8295 0.305344 1.221374 -4.274809
gyro 8307 0.335878 1.267176 -4.061069
gyro 8319 0.473282 1.358779 -4.412214
gyro 8331 0.366412 1.465649 -4.366412
gyro 8343 0.458015 1.343511 -4.091603
gyro 8355 0.351145 1.419847 -4.274809
gyro 8367 0.595420 1.557252 -4.091603
gyro 8378 0.259542 1.007634 -4.442748
gyro 8390 0.503817 1.511450 -4.122138
gyro 8402 0.442748 0.854962 -4.244275
gyro 8414 0.458015 1.725191 -4.366412
gyro 8426 0.381679 0.946565 -4.427481
gyro 8438 0.488550 1.450382 -4.229008
gyro 8450 0.381679 1.221374 -4.183206
gyro 8462 0.320611 1.450382 -4.366412
gyro 8473 0.366412 1.007634 -4.320611
gyro 8485 0.244275 1.251908 -4.183206
gyro 8497 0.580153 1.267176 -4.198473
gyro 8509 0.427481 1.374046 -4.274809
gyro 8521 0.427481 1.236641 -4.198473
gyro 8533 0.381679 1.328244 -4.229008
gyro 8545 0.564885 1.236641 -4.198473
gyro 8557 0.335878 1.480916 -4.274809
gyro 8568 0.412214 1.343511 -4.106870
gyro 8580 0.335878 1.282443 -4.366412
gyro 8592 0.305344 1.282443 -4.381680
gyro 8604 0.488550 1.496183 -4.442748
gyro 8616 0.381679 1.358779 -4.335878
gyro 8628 0.274809 1.160305 -4.305344
gyro 8640 0.442748 1.190840 -4.244275
gyro 8652 0.458015 1.267176 -4.366412
gyro 8663 0.442748 1.221374 -4.351145
gyro 8675 0.396947 1.221374 -4.335878
gyro 8687 0.595420 1.190840 -4.290076
gyro 8699 0.396947 1.297710 -4.274809
gyro 8711 0.473282 1.160305 -4.427481
gyro 8723 0.381679 1.312977 -4.290076
gyro 8735 0.473282 1.145038 -4.152672
gyro 8747 0.488550 1.419847 -4.229008
gyro 8758 0.427481 1.251908 -4.351145
gyro 8770 0.351145 1.312977 -4.244275
gyro 8782 0.244275 1.374046 -4.229008
gyro 8794 0.595420 1.068702 -4.320611
gyro 8806 0.488550 1.083969 -4.290076
gyro 8818 0.702290 1.297710 -4.229008
gyro 8830 0.427481 0.992366 -4.152672
gyro 8842 0.290076 1.282443 -4.244275
gyro 8853 0.412214 1.282443 -4.427481
gyro 8865 0.335878 1.374046 -4.152672
gyro 8877 0.534351 1.435115 -4.213740
gyro 8889 0.183206 1.221374 -4.366412
gyro 8901 0.412214 1.328244 -4.320611
gyro 8913 0.167939 1.312977 -4.183206
gyro 8925 0.503817 1.251908 -4.427481
gyro 8937 0.366412 1.374046 -4.381680
gyro 8948 0.198473 1.160305 -4.320611
gyro 8960 0.335878 1.251908 -4.229008
gyro 8972 0.320611 1.343511 -4.259542
gyro 8984 0.244275 1.221374 -4.229008
gyro 8996 0.366412 1.374046 -4.137404
gyro 9008 0.351145 1.175573 -4.335878
gyro 9020 0.458015 1.358779 -4.244275
gyro 9032 0.458015 1.190840 -4.427481
gyro 9043 0.549618 1.343511 -4.320611
gyro 9055 0.244275 1.312977 -4.519084
gyro 9067 0.305344 1.251908 -4.320611
gyro 9079 0.488550 1.358779 -4.381680
gyro 9091 0.458015 1.312977 -4.290076
gyro 9103 0.458015 1.328244 -4.320611
gyro 9115 0.351145 1.160305 -4.351145
gyro 9127 0.427481 1.251908 -4.290076
gyro 9138 0.351145 1.251908 -4.259542
gyro 9150 0.366412 1.083969 -4.381680
gyro 9162 0.381679 1.389313 -4.229008
gyro 9174 0.259542 1.358779 -4.381680
gyro 9186 0.625954 1.404580 -4.335878
gyro 9198 0.442748 1.145038 -4.244275
gyro 9210 0.503817 1.160305 -4.290076
gyro 9222 0.320611 1.221374 -4.320611
gyro 9233 0.167939 1.496183 -4.351145
gyro 9245 0.412214 1.236641 -4.335878
gyro 9257 0.381679 1.190840 -4.259542
gyro 9269 0.549618 1.374046 -4.335878
gyro 9281 0.534351 1.190840 -4.381680
gyro 9293 0.473282 1.328244 -4.229008
gyro 9305 0.106870 1.389313 -4.167939
gyro 9317 0.335878 1.557252 -4.183206
gyro 9329 0.473282 1.297710 -4.351145
gyro 9340 0.381679 1.480916 -4.152672
gyro 9352 0.473282 1.160305 -4.381680
gyro 9364 0.290076 1.374046 -4.244275
gyro 9376 0.564885 1.328244 -4.152672
gyro 9388 0.366412 1.221374 -4.274809
gyro 9400 0.427481 1.038168 -4.290076
gyro 9412 0.152672 1.251908 -4.351145
gyro 9423 0.335878 1.206107 -4.229008
gyro 9435 0.442748 1.358779 -4.335878
gyro 9447 0.458015 1.190840 -4.320611
gyro 9459 0.305344 1.374046 -4.274809
gyro 9471 0.564885 1.358779 -4.259542
gyro 9483 0.564885 1.145038 -4.213740
gyro 9495 0.412214 1.312977 -4.335878
gyro 9507 0.458015 1.297710 -4.381680
gyro 9518 0.320611 1.129771 -4.167939
gyro 9530 0.366412 1.389313 -4.152672
gyro 9542 0.396947 1.480916 -4.229008
gyro 9554 0.396947 1.496183 -4.167939
gyro 9566 0.320611 1.374046 -4.458015
gyro 9578 0.290076 1.297710 -4.320611
gyro 9590 0.488550 1.175573 -4.351145
gyro 9602 0.412214 1.236641 -4.152672
gyro 9613 0.458015 1.343511 -4.320611
gyro 9625 0.305344 1.206107 -4.351145
gyro 9637 0.366412 1.374046 -4.183206
gyro 9649 0.381679 1.251908 -3.923664
gyro 9661 0.564885 1.221374 -4.290076
gyro 9673 0.503817 1.114504 -4.244275
gyro 9685 0.366412 1.267176 -4.290076
gyro 9697 0.396947 1.328244 -4.274809
gyro 9708 0.335878 1.190840 -4.259542
gyro 9720 0.534351 1.206107 -4.137404
gyro 9732 0.458015 1.297710 -4.106870
gyro 9744 0.625954 1.328244 -4.320611
gyro 9756 0.366412 1.419847 -4.396946
gyro 9768 0.442748 1.328244 -4.274809
gyro 9780 0.458015 1.221374 -4.213740
gyro 9792 0.473282 1.160305 -4.290076
gyro 9804 0.519084 1.236641 -4.427481
gyro 9815 0.229008 1.083969 -4.030534
gyro 9827 0.442748 1.358779 -4.412214
gyro 9839 0.381679 1.389313 -4.274809
gyro 9851 0.305344 1.236641 -4.198473
gyro 9863 0.412214 0.870229 -4.473282
gyro 9875 0.519084 1.267176 -4.366412
gyro 9887 0.229008 1.465649 -4.381680
gyro 9899 0.274809 1.267176 -4.091603
gyro 9910 0.396947 1.312977 -4.213740
gyro 9922 0.442748 1.297710 -4.213740
gyro 9934 0.458015 1.389313 -4.290076
gyro 9946 0.229008 1.022901 -4.244275
gyro 9958 0.274809 1.450382 -4.244275
gyro 9970 0.320611 1.129771 -4.442748
gyro 9982 0.335878 1.496183 -4.213740
gyro 9994 0.549618 0.992366 -4.320611
gyro 10005 0.366412 1.328244 -4.320611
gyro 10017 0.473282 1.114504 -4.259542
gyro 10029 0.305344 1.312977 -4.381680
gyro 10041 0.442748 1.450382 -4.274809
gyro 10053 0.244275 1.435115 -4.396946
gyro 10065 0.442748 1.190840 -4.366412
gyro 10077 0.351145 1.206107 -4.458015
gyro 10089 0.381679 1.251908 -4.274809
gyro 10100 0.458015 1.297710 -4.396946
gyro 10112 0.442748 1.328244 -4.320611
gyro 10124 0.473282 1.221374 -4.076336
gyro 10136 0.396947 1.465649 -4.305344
gyro 10148 0.427481 1.419847 -4.473282
gyro 10160 0.595420 1.190840 -4.076336
gyro 10172 0.290076 1.251908 -4.290076
gyro 10184 0.412214 1.160305 -4.458015
gyro 10195 0.549618 1.251908 -4.229008
gyro 10207 0.381679 1.190840 -4.183206
gyro 10219 0.381679 1.282443 -4.335878
gyro 10231 0.351145 1.282443 -4.473282
gyro 10243 0.412214 1.297710 -4.427481
gyro 10255 0.427481 1.145038 -4.351145
gyro 10267 0.442748 1.267176 -4.396946
gyro 10279 0.503817 1.206107 -4.305344
gyro 10290 0.442748 1.343511 -4.244275
gyro 10302 0.580153 1.175573 -4.366412
gyro 10314 0.458015 1.175573 -4.152672
gyro 10326 0.488550 1.358779 -4.183206
gyro 10338 0.427481 1.282443 -4.412214
gyro 10350 0.412214 1.282443 -4.290076
gyro 10362 0.396947 1.312977 -4.335878
gyro 10373 0.290076 1.236641 -4.152672
gyro 10385 0.335878 1.267176 -4.259542
gyro 10397 0.335878 1.251908 -4.198473
gyro 10409 0.458015 1.358779 -4.198473
gyro 10421 0.381679 1.450382 -4.274809
gyro 10433 0.412214 1.312977 -4.427481
gyro 10445 0.305344 1.221374 -4.442748
gyro 10457 0.442748 1.312977 -4.213740
gyro 10468 0.625954 1.099237 -4.137404
gyro 10480 0.381679 1.282443 -4.305344
gyro 10492 0.305344 1.496183 -4.106870
gyro 10504 0.442748 1.083969 -4.290076
gyro 10516 0.412214 1.297710 -4.274809
gyro 10528 0.351145 1.435115 -4.259542
gyro 10540 0.503817 1.435115 -4.351145
gyro 10552 0.549618 1.374046 -4.198473
gyro 10563 0.244275 1.160305 -4.167939
gyro 10575 0.488550 1.022901 -4.396946
gyro 10587 0.381679 1.282443 -4.274809
gyro 10599 0.351145 1.175573 -4.259542
gyro 10611 0.381679 1.099237 -4.580153
gyro 10623 0.442748 1.267176 -4.396946
gyro 10635 0.274809 1.114504 -4.381680
gyro 10647 0.503817 1.343511 -4.229008
gyro 10658 0.534351 1.251908 -4.427481
gyro 10670 0.442748 1.496183 -4.351145
gyro 10682 0.671756 1.160305 -4.229008
gyro 10694 0.534351 1.328244 -4.274809
gyro 10706 0.458015 1.404580 -4.183206
gyro 10718 0.458015 1.206107 -4.412214
gyro 10730 0.351145 1.358779 -4.366412
gyro 10742 0.503817 1.358779 -4.458015
gyro 10753 0.458015 1.404580 -4.244275
gyro 10765 0.549618 1.221374 -4.290076
gyro 10777 0.351145 1.328244 -4.381680
gyro 10789 0.412214 1.251908 -4.244275
gyro 10801 0.473282 1.312977 -4.152672
gyro 10813 0.366412 1.145038 -4.091603
gyro 10825 0.488550 1.160305 -4.335878
gyro 10837 0.610687 1.190840 -4.320611
gyro 10848 0.229008 1.267176 -4.412214
gyro 10860 0.534351 1.190840 -4.320611
gyro 10872 0.519084 1.282443 -4.427481
gyro 10884 0.381679 1.297710 -4.274809
gyro 10896 0.396947 1.083969 -4.259542
gyro 10908 0.427481 1.297710 -4.244275
gyro 10920 0.335878 1.312977 -4.137404
gyro 10932 0.290076 1.465649 -4.274809
gyro 10943 0.580153 1.450382 -4.183206
gyro 10955 0.366412 1.053435 -4.412214
gyro 10967 0.412214 1.557252 -4.351145
gyro 10979 0.229008 1.175573 -4.198473
gyro 10991 0.381679 1.419847 -4.335878
gyro 11003 0.458015 1.312977 -4.183206
gyro 11015 0.519084 1.404580 -4.198473
gyro 11027 0.244275 1.297710 -4.366412
gyro 11038 0.274809 1.221374 -4.381680
gyro 11050 0.366412 1.328244 -4.167939
gyro 11062 0.427481 1.175573 -4.305344
gyro 11074 0.488550 1.068702 -4.259542
gyro 11086 0.381679 1.236641 -4.061069
gyro 11098 0.259542 1.297710 -4.229008
gyro 11110 0.396947 1.343511 -4.274809
gyro 11122 0.381679 1.419847 -4.229008
gyro 11133 0.519084 1.419847 -4.183206
gyro 11145 0.366412 1.312977 -4.305344
gyro 11157 0.427481 1.297710 -4.198473
gyro 11169 0.442748 1.328244 -4.152672
gyro 11181 0.335878 1.419847 -4.244275
gyro 11193 0.290076 1.312977 -4.213740
gyro 11205 0.473282 1.007634 -4.259542
gyro 11217 0.473282 1.251908 -4.244275
gyro 11228 0.412214 1.145038 -4.335878
gyro 11240 0.320611 1.251908 -4.442748
gyro 11252 0.381679 1.541985 -4.396946
gyro 11264 0.396947 1.206107 -4.320611
gyro 11276 0.305344 1.328244 -4.351145
gyro 11288 0.412214 1.312977 -4.320611
gyro 11300 0.610687 1.206107 -4.274809
gyro 11312 0.519084 1.206107 -4.290076
gyro 11323 0.595420 1.358779 -4.106870
gyro 11335 0.748092 1.282443 -4.122138
gyro 11347 0.519084 1.496183 -4.488550
gyro 11359 0.488550 1.328244 -4.030534
gyro 11371 0.488550 1.450382 -4.458015
gyro 11383 0.610687 1.221374 -4.259542
gyro 11395 0.427481 1.236641 -4.412214
gyro 11407 0.595420 1.328244 -4.412214
gyro 11418 0.351145 1.374046 -4.229008
gyro 11430 0.442748 1.297710 -4.442748
gyro 11442 0.549618 1.328244 -4.259542
gyro 11454 0.442748 1.343511 -4.412214
gyro 11466 0.488550 1.267176 -4.442748
gyro 11478 0.427481 1.175573 -4.198473
gyro 11490 0.458015 1.251908 -4.244275
gyro 11502 0.183206 1.389313 -4.381680
gyro 11513 0.305344 1.022901 -4.427481
gyro 11525 0.671756 1.480916 -4.198473
gyro 11537 0.458015 1.114504 -4.320611
gyro 11549 0.427481 1.511450 -4.351145
gyro 11561 0.534351 1.404580 -4.259542
gyro 11573 0.473282 1.404580 -4.351145
gyro 11585 0.274809 1.160305 -4.244275
gyro 11597 0.396947 1.358779 -4.244275
gyro 11608 0.503817 1.236641 -4.229008
gyro 11620 0.503817 1.404580 -4.412214
gyro 11632 0.427481 1.129771 -4.259542
gyro 11644 0.320611 1.297710 -4.259542
gyro 11656 0.366412 1.267176 -4.198473
gyro 11668 0.473282 1.282443 -4.061069
gyro 11680 0.549618 1.358779 -4.442748
gyro 11692 0.366412 1.389313 -4.290076
gyro 11703 0.473282 1.236641 -4.259542
gyro 11715 0.351145 1.206107 -4.305344
gyro 11727 0.458015 1.389313 -4.412214
gyro 11739 0.351145 1.038168 -4.458015
gyro 11751 0.702290 1.389313 -4.183206
gyro 11763 0.366412 1.251908 -4.229008
gyro 11775 0.519084 1.358779 -4.412214
gyro 11787 0.427481 1.328244 -4.244275
gyro 11798 0.564885 1.206107 -4.335878
gyro 11810 0.366412 1.190840 -4.351145
gyro 11822 0.320611 1.129771 -4.335878
gyro 11834 0.488550 1.389313 -4.244275
gyro 11846 0.290076 1.282443 -4.381680
gyro 11858 0.198473 1.236641 -4.366412
gyro 11870 0.381679 1.251908 -4.106870
gyro 11882 0.229008 1.160305 -4.091603
gyro 11893 0.442748 1.389313 -4.259542
gyro 11905 0.396947 1.129771 -4.335878
gyro 11917 0.412214 1.190840 -4.427481
gyro 11929 0.366412 1.297710 -4.442748
gyro 11941 0.458015 1.175573 -4.244275
gyro 11953 0.396947 1.236641 -4.320611
gyro 11965 0.564885 1.404580 -4.259542
gyro 11977 0.320611 1.068702 -4.335878
gyro 11988 0.305344 1.129771 -4.198473
gyro 12000 0.458015 1.404580 -4.183206
gyro 12012 0.259542 1.282443 -4.091603
gyro 12024 0.473282 1.267176 -4.290076
gyro 12036 0.458015 1.389313 -4.427481
gyro 12048 0.458015 1.404580 -4.290076
gyro 12060 0.519084 1.282443 -4.229008
gyro 12072 0.229008 1.267176 -4.381680
gyro 12083 0.534351 1.312977 -4.244275
gyro 12095 0.366412 1.312977 -4.290076
gyro 12107 0.519084 1.236641 -4.564886
gyro 12119 0.534351 1.114504 -4.381680
gyro 12131 0.519084 1.175573 -4.320611
gyro 12143 0.396947 1.297710 -4.305344
gyro 12155 0.610687 1.282443 -4.427481
gyro 12167 0.366412 1.251908 -4.335878
gyro 12178 0.412214 1.267176 -4.351145
gyro 12190 0.290076 1.236641 -4.290076
gyro 12202 0.412214 1.282443 -4.213740
gyro 12214 0.503817 1.297710 -4.152672
gyro 12226 0.519084 1.251908 -4.549618
gyro 12238 0.396947 1.358779 -4.396946
gyro 12250 0.412214 1.465649 -4.412214
gyro 12262 0.244275 1.389313 -4.366412
gyro 12273 0.442748 1.175573 -4.458015
gyro 12285 0.229008 1.374046 -4.305344
gyro 12297 0.381679 1.236641 -4.122138
gyro 12309 0.259542 1.404580 -4.000000
gyro 12321 0.473282 1.007634 -4.335878
gyro 12333 0.519084 1.374046 -4.198473
gyro 12345 0.137405 1.160305 -4.183206
gyro 12357 0.534351 1.496183 -4.381680
gyro 12368 0.335878 1.282443 -4.366412
gyro 12380 0.549618 1.450382 -4.290076
gyro 12392 0.427481 1.022901 -4.198473
gyro 12404 0.442748 1.511450 -4.122138
gyro 12416 0.305344 1.236641 -4.335878
gyro 12428 0.351145 1.297710 -4.167939
gyro 12440 0.580153 1.068702 -4.213740
gyro 12452 0.396947 1.190840 -4.458015
gyro 12463 0.412214 1.206107 -4.381680
gyro 12475 0.549618 1.374046 -4.366412
gyro 12487 0.381679 1.419847 -4.152672
gyro 12499 0.351145 1.374046 -4.274809
gyro 12511 0.335878 1.282443 -4.213740
gyro 12523 0.396947 1.251908 -4.320611
gyro 12535 0.351145 1.374046 -4.290076
gyro 12547 0.442748 1.312977 -4.320611
gyro 12558 0.488550 1.190840 -4.320611
gyro 12570 0.427481 1.236641 -4.106870
gyro 12582 0.396947 1.374046 -4.427481
gyro 12594 0.274809 1.343511 -4.351145
gyro 12606 0.488550 1.221374 -4.442748
gyro 12618 0.351145 1.282443 -4.274809
gyro 12630 0.549618 1.404580 -4.412214
gyro 12642 0.442748 1.282443 -4.183206
gyro 12653 0.259542 1.526718 -4.183206
gyro 12665 0.473282 1.465649 -4.305344
gyro 12677 0.320611 1.389313 -4.305344
gyro 12689 0.305344 1.236641 -4.305344
gyro 12701 0.198473 1.374046 -4.274809
gyro 12713 0.442748 1.389313 -4.519084
gyro 12725 0.549618 1.068702 -4.335878
gyro 12737 0.458015 1.221374 -4.198473
gyro 12748 0.381679 1.312977 -4.351145
gyro 12760 0.519084 1.175573 -4.259542
gyro 12772 0.351145 1.282443 -4.366412
gyro 12784 0.290076 1.251908 -4.290076
gyro 12796 0.549618 1.297710 -4.366412
gyro 12808 0.412214 1.160305 -4.534351
gyro 12820 0.305344 1.526718 -4.290076
gyro 12832 0.366412 1.328244 -4.274809
gyro 12843 0.442748 1.221374 -4.427481
gyro 12855 0.305344 1.221374 -4.381680
gyro 12867 0.381679 1.282443 -4.198473
gyro 12879 0.396947 1.358779 -4.366412
gyro 12891 0.396947 1.450382 -4.488550
gyro 12903 0.244275 1.083969 -4.137404
gyro 12915 0.473282 1.175573 -4.290076
gyro 12927 0.458015 1.389313 -4.396946
gyro 12938 0.366412 1.526718 -4.335878
gyro 12950 0.458015 1.404580 -4.259542
gyro 12962 0.503817 1.404580 -4.305344
gyro 12974 0.396947 1.343511 -4.427481
gyro 12986 0.519084 1.145038 -4.198473
gyro 12998 0.488550 1.114504 -4.045802
gyro 13010 0.412214 1.221374 -4.305344
gyro 13022 0.610687 1.206107 -4.396946
gyro 13033 0.351145 1.358779 -4.229008
gyro 13045 0.244275 1.343511 -4.290076
gyro 13057 0.580153 1.267176 -4.106870
gyro 13069 0.381679 1.328244 -4.488550
gyro 13081 0.274809 1.328244 -4.213740
gyro 13093 0.381679 1.419847 -4.183206
gyro 13105 0.458015 1.160305 -4.229008
gyro 13117 0.412214 1.404580 -4.229008
gyro 13128 0.305344 1.206107 -4.183206
gyro 13140 0.519084 1.435115 -4.305344
gyro 13152 0.290076 1.343511 -4.381680
gyro 13164 0.442748 1.251908 -4.351145
gyro 13176 0.335878 1.435115 -4.152672
gyro 13188 0.473282 1.236641 -4.229008
gyro 13200 0.442748 1.389313 -4.076336
gyro 13212 0.442748 1.496183 -4.351145
gyro 13223 0.473282 1.236641 -4.244275
gyro 13235 0.381679 1.221374 -4.427481
gyro 13247 0.381679 1.206107 -4.396946
gyro 13259 0.473282 1.450382 -4.229008
gyro 13271 0.580153 1.419847 -4.244275
gyro 13283 0.427481 1.435115 -4.320611
gyro 13295 0.320611 1.206107 -4.274809
gyro 13306 0.320611 1.312977 -4.442748
gyro 13318 0.412214 1.160305 -4.366412
gyro 13330 0.519084 1.251908 -4.351145
gyro 13342 0.290076 1.282443 -4.244275
gyro 13354 0.503817 1.190840 -4.213740
gyro 13366 0.488550 1.099237 -4.274809
gyro 13378 0.320611 1.312977 -4.412214
gyro 13390 0.473282 1.282443 -4.244275
gyro 13401 0.305344 1.190840 -4.213740
gyro 13413 0.396947 1.297710 -4.244275
gyro 13425 0.534351 1.465649 -4.183206
gyro 13437 0.610687 1.160305 -4.167939
gyro 13449 0.549618 1.175573 -4.320611
gyro 13461 0.427481 1.374046 -4.244275
gyro 13473 0.290076 1.328244 -4.458015
gyro 13485 0.473282 1.236641 -4.290076
gyro 13496 0.427481 1.236641 -4.229008
gyro 13508 0.503817 1.190840 -4.290076
gyro 13520 0.412214 1.190840 -4.381680
gyro 13532 0.290076 1.358779 -4.274809
gyro 13544 0.427481 1.190840 -4.366412
gyro 13556 0.519084 1.114504 -4.412214
gyro 13568 0.396947 1.206107 -4.290076
gyro 13580 0.748092 1.358779 -4.458015
gyro 13592 0.396947 1.267176 -4.381680
gyro 13603 0.229008 1.206107 -3.984733
gyro 13615 0.412214 1.267176 -4.427481
gyro 13627 0.229008 1.419847 -4.335878
gyro 13639 0.458015 1.251908 -4.274809
gyro 13651 0.381679 1.297710 -4.290076
gyro 13663 0.488550 1.419847 -4.381680
gyro 13675 0.442748 1.282443 -4.305344
gyro 13687 0.335878 1.251908 -4.412214
gyro 13698 0.442748 1.374046 -4.259542
gyro 13710 0.488550 1.358779 -4.229008
gyro 13722 0.396947 1.465649 -4.442748
gyro 13734 0.458015 1.358779 -4.229008
gyro 13746 0.458015 1.267176 -4.244275
gyro 13758 0.412214 1.267176 -4.198473
gyro 13770 0.442748 1.435115 -4.198473
gyro 13782 0.305344 1.267176 -4.167939
gyro 13793 0.534351 1.206107 -4.549618
gyro 13805 0.458015 1.221374 -4.259542
gyro 13817 0.396947 1.511450 -4.167939
gyro 13829 0.396947 1.236641 -4.351145
gyro 13841 0.427481 1.114504 -4.595420
gyro 13853 0.442748 1.480916 -4.412214
gyro 13865 0.351145 1.282443 -4.290076
gyro 13877 0.519084 1.312977 -4.183206
gyro 13888 0.259542 1.297710 -4.015267
gyro 13900 0.305344 1.251908 -4.259542
gyro 13912 0.290076 1.251908 -4.305344
gyro 13924 0.412214 1.312977 -4.305344
gyro 13936 0.427481 1.328244 -4.290076
