acc 2060 0.033203 -0.001221 0.969238
gyro 2060 0.290076 1.297710 -4.290076
acc 2072 0.032471 0.001953 0.972656
gyro 2072 0.580153 1.404580 -4.290076
acc 2083 0.034180 0.001709 0.971436
gyro 2083 0.473282 1.358779 -4.488550
acc 2095 0.031982 0.001465 0.975586
gyro 2095 0.442748 1.114504 -4.305344
acc 2107 0.036865 -0.001221 0.966553
gyro 2107 0.366412 1.175573 -4.396946
acc 2118 0.031982 0.006104 0.977539
gyro 2118 0.351145 1.129771 -4.396946
acc 2130 0.034180 0.003662 0.967285
gyro 2130 0.442748 1.511450 -4.213740
acc 2142 0.033936 0.000244 0.968506
gyro 2142 0.259542 1.267176 -4.137404
acc 2154 0.029297 -0.003174 0.970947
gyro 2154 0.351145 1.236641 -3.938931
acc 2165 0.039795 0.005859 0.964844
gyro 2165 0.442748 1.160305 -4.152672
acc 2177 0.040039 0.006592 0.972900
gyro 2177 0.259542 1.328244 -4.061069
acc 2189 0.030762 0.000732 0.971924
gyro 2189 0.519084 1.251908 -4.442748
acc 2200 0.037109 -0.000244 0.970459
gyro 2200 0.442748 1.175573 -4.106870
acc 2212 0.031006 0.000488 0.968994
gyro 2212 0.503817 1.282443 -4.442748
acc 2224 0.032959 -0.002197 0.978027
gyro 2224 0.381679 1.511450 -4.259542
acc 2236 0.033447 0.005371 0.983887
gyro 2236 0.381679 1.206107 -4.305344
acc 2247 0.040771 0.000732 0.972412
gyro 2247 0.427481 1.343511 -4.122138
acc 2259 0.041504 -0.002686 0.972656
gyro 2259 0.610687 1.267176 -4.229008
acc 2271 0.031494 0.005127 0.968994
gyro 2271 0.534351 1.282443 -4.229008
acc 2282 0.032959 -0.007568 0.976807
gyro 2282 0.625954 1.450382 -4.396946
acc 2294 0.031494 -0.000244 0.975830
gyro 2294 0.488550 1.160305 -4.473282
acc 2306 0.032715 -0.000732 0.968994
gyro 2306 0.580153 1.496183 -4.122138
acc 2318 0.031006 0.008057 0.977539
gyro 2318 0.442748 1.587786 -4.305344
acc 2329 0.028320 0.004639 0.970703
gyro 2329 0.473282 1.480916 -4.381680
acc 2341 0.037109 0.000488 0.974121
gyro 2341 0.458015 1.511450 -4.427481
acc 2353 0.041748 0.003662 0.969238
gyro 2353 0.534351 1.480916 -4.442748
acc 2364 0.031982 0.000244 0.975586
gyro 2364 0.488550 1.404580 -4.167939
acc 2376 0.026855 -0.004639 0.971924
gyro 2376 0.244275 1.221374 -4.259542
acc 2388 0.033691 0.002686 0.967773
gyro 2388 0.381679 1.328244 -4.213740
acc 2400 0.030762 -0.001221 0.968018
gyro 2400 0.396947 1.190840 -4.305344
acc 2411 0.037354 -0.003174 0.976807
gyro 2411 0.473282 1.419847 -4.213740
acc 2423 0.033447 0.002441 0.966064
gyro 2423 0.442748 1.374046 -4.351145
acc 2435 0.033691 -0.002930 0.979980
gyro 2435 0.396947 1.267176 -4.396946
acc 2446 0.032715 0.005127 0.966064
gyro 2446 0.305344 1.282443 -4.183206
acc 2458 0.031250 -0.000732 0.969971
gyro 2458 0.458015 1.435115 -4.351145
acc 2470 0.033203 -0.000977 0.965332
gyro 2470 0.503817 1.328244 -4.412214
acc 2482 0.034180 0.000977 0.971436
gyro 2482 0.320611 1.404580 -4.519084
acc 2493 0.031250 0.003906 0.968750
gyro 2493 0.381679 1.206107 -4.488550
acc 2505 0.032471 0.000732 0.976318
gyro 2505 0.610687 1.358779 -4.412214
acc 2517 0.038330 -0.001953 0.974609
gyro 2517 0.381679 1.480916 -4.366412
acc 2528 0.034180 -0.001953 0.958984
gyro 2528 0.381679 1.282443 -4.305344
acc 2540 0.034912 0.002197 0.978516
gyro 2540 0.473282 1.206107 -4.412214
acc 2552 0.032715 0.000977 0.951904
gyro 2552 0.458015 1.328244 -4.335878
acc 2564 0.031738 0.005859 0.962402
gyro 2564 0.534351 1.236641 -4.259542
acc 2575 0.031494 -0.005371 0.965088
gyro 2575 0.412214 1.206107 -4.427481
acc 2587 0.032959 0.007080 0.966553
gyro 2587 0.396947 1.267176 -4.473282
acc 2599 0.029053 0.008301 0.970459
gyro 2599 0.458015 1.175573 -4.335878
acc 2610 0.039062 0.003906 0.967285
gyro 2610 0.259542 1.297710 -4.259542
acc 2622 0.030518 -0.004150 0.975586
gyro 2622 0.488550 1.221374 -4.305344
acc 2634 0.035400 0.002197 0.974854
gyro 2634 0.366412 1.114504 -4.122138
acc 2646 0.038330 0.005615 0.976807
gyro 2646 0.427481 1.099237 -4.290076
acc 2657 0.033203 -0.002930 0.970215
gyro 2657 0.366412 1.328244 -4.366412
acc 2669 0.032471 -0.002441 0.967773
gyro 2669 0.396947 1.297710 -4.183206
acc 2681 0.034668 0.001221 0.970215
gyro 2681 0.381679 1.404580 -4.290076
acc 2692 0.034424 0.004639 0.975098
gyro 2692 0.595420 1.297710 -4.396946
acc 2704 0.036621 -0.001221 0.972168
gyro 2704 0.473282 1.358779 -4.396946
acc 2716 0.033203 0.000000 0.971924
gyro 2716 0.519084 1.221374 -4.259542
acc 2728 0.036621 0.004639 0.965820
gyro 2728 0.244275 1.297710 -4.320611
acc 2739 0.030518 0.000488 0.967773
gyro 2739 0.503817 1.282443 -4.244275
acc 2751 0.026123 -0.002686 0.969482
gyro 2751 0.503817 1.358779 -4.244275
acc 2763 0.039795 0.003906 0.968262
gyro 2763 0.534351 1.236641 -4.381680
acc 2774 0.029297 0.002930 0.978516
gyro 2774 0.671756 1.236641 -4.412214
acc 2786 0.025391 -0.001953 0.971680
gyro 2786 0.259542 1.297710 -4.320611
acc 2798 0.029297 0.003662 0.967285
gyro 2798 0.534351 1.312977 -4.442748
acc 2810 0.033936 0.005615 0.975586
gyro 2810 0.549618 1.541985 -4.305344
acc 2821 0.036133 0.005371 0.974609
gyro 2821 0.335878 1.312977 -4.244275
acc 2833 0.031494 -0.000732 0.956055
gyro 2833 0.564885 1.343511 -4.366412
acc 2845 0.032471 0.009277 0.973877
gyro 2845 0.412214 1.267176 -4.519084
acc 2856 0.029785 0.002686 0.974121
gyro 2856 0.351145 1.190840 -4.381680
acc 2868 0.034668 0.000732 0.971680
gyro 2868 0.488550 1.328244 -4.259542
acc 2880 0.033447 0.000977 0.973877
gyro 2880 0.442748 1.251908 -4.366412
acc 2892 0.034180 0.002930 0.971436
gyro 2892 0.519084 1.343511 -4.335878
acc 2903 0.035889 -0.005371 0.966309
gyro 2903 0.320611 1.236641 -4.366412
acc 2915 0.035400 0.000732 0.967773
gyro 2915 0.412214 1.328244 -4.183206
acc 2927 0.035645 -0.003662 0.973877
gyro 2927 0.427481 0.900763 -4.198473
acc 2938 0.038574 0.001709 0.978027
gyro 2938 0.290076 1.160305 -4.290076
acc 2950 0.030273 0.005615 0.970215
gyro 2950 0.274809 1.282443 -4.183206
acc 2962 0.032471 0.004150 0.972900
gyro 2962 0.213740 1.221374 -4.305344
acc 2974 0.035400 0.008789 0.962158
gyro 2974 0.106870 1.267176 -4.259542
acc 2985 0.033691 -0.002441 0.974121
gyro 2985 0.488550 1.312977 -4.396946
acc 2997 0.032227 0.002197 0.976807
gyro 2997 0.427481 1.236641 -4.259542
acc 3009 0.035645 0.005859 0.968018
gyro 3009 0.396947 1.267176 -4.061069
acc 3021 0.031738 -0.002441 0.968750
gyro 3021 0.549618 1.175573 -4.290076
acc 3032 0.035889 -0.007812 0.971924
gyro 3032 0.458015 1.251908 -4.167939
acc 3044 0.034912 -0.002441 0.966064
gyro 3044 0.473282 1.129771 -4.320611
acc 3056 0.036621 0.004395 0.963867
gyro 3056 0.381679 1.374046 -4.351145
acc 3067 0.029785 -0.003662 0.976318
gyro 3067 0.427481 1.587786 -4.167939
acc 3079 0.035645 0.003418 0.964844
gyro 3079 0.381679 1.694656 -4.351145
acc 3091 0.031982 -0.001953 0.966064
gyro 3091 0.229008 1.465649 -4.458015
acc 3103 0.033691 -0.002686 0.977295
gyro 3103 0.396947 1.221374 -4.473282
acc 3114 0.034424 -0.001221 0.965088
gyro 3114 0.351145 1.267176 -4.198473
acc 3126 0.029541 -0.000244 0.971436
gyro 3126 0.458015 1.206107 -4.259542
acc 3138 0.029541 0.006836 0.971436
gyro 3138 0.488550 1.236641 -4.503817
acc 3149 0.028564 -0.005371 0.976807
gyro 3149 0.335878 1.328244 -4.244275
acc 3161 0.027588 -0.002197 0.958984
gyro 3161 0.595420 1.389313 -4.458015
acc 3173 0.031494 -0.000732 0.973389
gyro 3173 0.442748 1.358779 -4.396946
acc 3185 0.036621 0.004883 0.965576
gyro 3185 0.351145 1.358779 -4.381680
acc 3196 0.032715 -0.001465 0.966309
gyro 3196 0.351145 1.374046 -4.335878
acc 3208 0.035400 -0.000732 0.972412
gyro 3208 0.503817 1.358779 -4.381680
acc 3220 0.035156 0.004395 0.981689
gyro 3220 0.396947 1.221374 -4.213740
acc 3231 0.037354 0.000244 0.978027
gyro 3231 0.366412 1.312977 -4.091603
acc 3243 0.038086 -0.001709 0.962402
gyro 3243 0.488550 1.389313 -4.259542
acc 3255 0.037354 0.002686 0.976562
gyro 3255 0.305344 1.129771 -3.893130
acc 3267 0.045654 0.001221 0.967529
gyro 3267 0.366412 1.389313 -4.229008
acc 3278 0.030762 0.000977 0.971191
gyro 3278 0.259542 1.587786 -4.320611
acc 3290 0.033936 0.004150 0.975098
gyro 3290 0.229008 1.358779 -4.305344
acc 3302 0.038574 -0.004395 0.974365
gyro 3302 0.442748 1.343511 -4.274809
acc 3313 0.041748 0.003906 0.985107
gyro 3313 0.564885 1.358779 -4.167939
acc 3325 0.031006 0.002686 0.973389
gyro 3325 0.519084 1.236641 -4.396946
acc 3337 0.031738 0.005615 0.972900
gyro 3337 0.534351 1.251908 -4.290076
acc 3349 0.029541 -0.004150 0.965088
gyro 3349 0.396947 1.236641 -4.259542
acc 3360 0.034668 0.000488 0.967529
gyro 3360 0.503817 1.358779 -4.274809
acc 3372 0.033447 0.002441 0.968994
gyro 3372 0.351145 1.358779 -4.320611
acc 3384 0.033447 0.006348 0.969238
gyro 3384 0.503817 1.160305 -4.076336
acc 3395 0.034668 0.002197 0.965820
gyro 3395 0.396947 1.160305 -4.305344
acc 3407 0.036865 0.006592 0.982422
gyro 3407 0.229008 1.358779 -4.366412
acc 3419 0.040771 0.000977 0.967285
gyro 3419 0.534351 1.541985 -4.000000
acc 3431 0.040283 0.003418 0.964600
gyro 3431 0.396947 1.267176 -4.183206
acc 3442 0.028564 0.000244 0.971191
gyro 3442 0.549618 1.465649 -4.229008
acc 3454 0.032959 0.004395 0.969727
gyro 3454 0.366412 1.099237 -4.412214
acc 3466 0.031738 0.003906 0.974854
gyro 3466 0.335878 1.160305 -4.366412
acc 3478 0.031006 0.003418 0.974121
gyro 3478 0.381679 1.236641 -4.061069
acc 3489 0.034424 0.002930 0.973633
gyro 3489 0.396947 1.236641 -4.198473
acc 3501 0.028564 0.007812 0.971436
gyro 3501 0.580153 1.389313 -4.290076
acc 3513 0.035400 -0.001465 0.966553
gyro 3513 0.427481 1.435115 -4.305344
acc 3524 0.037109 -0.002197 0.971924
gyro 3524 0.335878 1.236641 -4.076336
acc 3536 0.039307 0.003174 0.971436
gyro 3536 0.305344 1.236641 -4.045802
acc 3548 0.034424 0.007080 0.968994
gyro 3548 0.351145 1.221374 -4.335878
acc 3560 0.032227 0.003662 0.967529
gyro 3560 0.534351 1.328244 -4.366412
acc 3571 0.041016 0.004395 0.967529
gyro 3571 0.381679 1.312977 -4.519084
acc 3583 0.033203 -0.001465 0.969971
gyro 3583 0.580153 1.267176 -4.213740
acc 3595 0.037354 -0.003662 0.973877
gyro 3595 0.442748 1.160305 -4.396946
acc 3606 0.039062 -0.002686 0.977295
gyro 3606 0.320611 1.297710 -4.213740
acc 3618 0.034180 0.000732 0.971436
gyro 3618 0.473282 1.297710 -4.335878
acc 3630 0.033936 0.005127 0.973633
gyro 3630 0.366412 1.496183 -4.152672
acc 3642 0.033691 -0.002441 0.972168
gyro 3642 0.396947 1.358779 -4.259542
acc 3653 0.035156 -0.003418 0.968750
gyro 3653 0.580153 1.282443 -4.213740
acc 3665 0.039795 -0.001465 0.974121
gyro 3665 0.519084 1.007634 -4.381680
acc 3677 0.031982 0.000488 0.964844
gyro 3677 0.427481 1.328244 -4.137404
acc 3688 0.032227 0.001465 0.969482
gyro 3688 0.503817 1.145038 -4.305344
acc 3700 0.032227 0.005127 0.967529
gyro 3700 0.519084 1.129771 -4.320611
acc 3712 0.036865 0.002197 0.966797
gyro 3712 0.213740 1.251908 -4.152672
acc 3724 0.033691 -0.002197 0.972412
gyro 3724 0.412214 1.435115 -4.290076
acc 3735 0.033447 0.003906 0.975586
gyro 3735 0.458015 1.297710 -4.198473
acc 3747 0.035156 -0.000488 0.977295
gyro 3747 0.351145 1.343511 -4.519084
acc 3759 0.029053 0.003418 0.976807
gyro 3759 0.412214 1.312977 -4.290076
acc 3770 0.026123 0.001221 0.968750
gyro 3770 0.580153 1.312977 -4.183206
acc 3782 0.032471 -0.003174 0.972900
gyro 3782 0.244275 1.267176 -4.213740
acc 3794 0.026855 0.005615 0.976562
gyro 3794 0.427481 1.419847 -4.427481
acc 3806 0.033203 0.000732 0.979248
gyro 3806 0.244275 1.267176 -4.274809
acc 3817 0.032227 -0.002441 0.974854
gyro 3817 0.412214 1.404580 -4.320611
acc 3829 0.036865 0.006104 0.973389
gyro 3829 0.244275 1.267176 -4.290076
acc 3841 0.042969 -0.000488 0.973633
gyro 3841 0.320611 1.374046 -4.305344
acc 3852 0.031494 0.000977 0.971191
gyro 3852 0.534351 1.343511 -4.412214
acc 3864 0.037109 0.001953 0.964355
gyro 3864 0.519084 1.343511 -4.167939
acc 3876 0.035645 0.000244 0.974121
gyro 3876 0.427481 1.267176 -4.351145
acc 3888 0.030029 -0.000732 0.965332
gyro 3888 0.351145 1.206107 -4.213740
acc 3899 0.036377 0.001221 0.973389
gyro 3899 0.183206 1.328244 -4.045802
acc 3911 0.030762 -0.005371 0.970947
gyro 3911 0.366412 0.977099 -4.000000
acc 3923 0.029541 -0.001953 0.965820
gyro 3923 0.351145 1.206107 -4.381680
acc 3934 0.029785 -0.001221 0.971191
gyro 3934 0.351145 1.083969 -4.366412
acc 3946 0.035400 0.000732 0.978027
gyro 3946 0.442748 1.312977 -4.229008
acc 3958 0.030762 -0.000488 0.968506
gyro 3958 0.274809 1.389313 -4.381680
acc 3970 0.037354 0.002686 0.975098
gyro 3970 0.549618 1.343511 -4.015267
acc 3981 0.032959 0.003418 0.963623
gyro 3981 0.473282 1.007634 -4.229008
acc 3993 0.032227 -0.001709 0.968506
gyro 3993 0.671756 1.496183 -4.320611
acc 4005 0.031494 0.000000 0.966309
gyro 4005 0.503817 1.435115 -4.320611
acc 4016 0.034180 0.007568 0.973633
gyro 4016 0.412214 1.435115 -4.351145
acc 4028 0.035889 0.001465 0.958252
gyro 4028 0.351145 1.435115 -4.427481
acc 4040 0.036133 -0.001953 0.973877
gyro 4040 0.549618 1.129771 -4.412214
acc 4052 0.036865 0.004883 0.966309
gyro 4052 0.412214 1.083969 -4.229008
acc 4063 0.029541 -0.003906 0.969727
gyro 4063 0.396947 1.221374 -4.503817
acc 4075 0.030762 -0.001221 0.960693
gyro 4075 0.335878 1.251908 -4.305344
acc 4087 0.031738 -0.002930 0.961914
gyro 4087 0.351145 1.297710 -4.244275
acc 4098 0.034912 0.000977 0.982666
gyro 4098 0.427481 1.160305 -4.305344
acc 4110 0.038086 0.000000 0.965820
gyro 4110 0.305344 1.343511 -4.320611
acc 4122 0.029297 0.000000 0.967773
gyro 4122 0.274809 1.053435 -4.183206
acc 4134 0.032715 0.006592 0.976074
gyro 4134 0.549618 1.282443 -4.122138
acc 4145 0.036377 0.003418 0.966797
gyro 4145 0.503817 1.190840 -4.244275
acc 4157 0.033203 0.002197 0.973877
gyro 4157 0.335878 1.282443 -4.259542
acc 4169 0.034424 0.002930 0.970703
gyro 4169 0.442748 1.343511 -4.305344
acc 4181 0.035889 -0.002197 0.960938
gyro 4181 0.458015 1.145038 -3.984733
acc 4192 0.026367 -0.001709 0.982666
gyro 4192 0.488550 1.145038 -4.198473
acc 4204 0.039062 -0.005371 0.975098
gyro 4204 0.442748 1.282443 -4.167939
acc 4216 0.035156 0.001465 0.977783
gyro 4216 0.427481 0.961832 -4.274809
acc 4227 0.032227 0.002686 0.968750
gyro 4227 0.381679 1.175573 -4.427481
acc 4239 0.034424 -0.001709 0.965820
gyro 4239 0.564885 1.206107 -4.198473
acc 4251 0.035889 0.002930 0.977295
gyro 4251 0.351145 1.251908 -4.106870
acc 4263 0.035400 -0.004150 0.965576
gyro 4263 0.396947 1.236641 -4.427481
acc 4274 0.039307 0.006836 0.972412
gyro 4274 0.412214 1.541985 -4.198473
acc 4286 0.038574 0.002930 0.967773
gyro 4286 0.396947 1.435115 -4.290076
acc 4298 0.025879 -0.000977 0.971191
gyro 4298 0.366412 1.450382 -4.198473
acc 4309 0.032959 -0.000488 0.979980
gyro 4309 0.595420 1.496183 -4.366412
acc 4321 0.038086 0.001953 0.968994
gyro 4321 0.427481 1.083969 -4.290076
acc 4333 0.027588 0.002197 0.969238
gyro 4333 0.625954 1.297710 -4.381680
acc 4345 0.062256 0.002197 0.978027
gyro 4345 0.656489 1.740458 -4.183206
acc 4356 0.036865 0.007812 0.960449
gyro 4356 0.534351 1.251908 -4.503817
acc 4368 0.032227 -0.004150 0.976562
gyro 4368 0.488550 1.267176 -4.259542
acc 4380 0.034180 -0.001465 0.971924
gyro 4380 0.412214 1.282443 -4.519084
acc 4391 0.039551 0.001221 0.959717
gyro 4391 0.519084 1.297710 -4.290076
acc 4403 0.029297 0.003906 0.977295
gyro 4403 0.290076 1.343511 -4.396946
acc 4415 0.031250 0.001221 0.978027
gyro 4415 0.290076 1.328244 -4.213740
acc 4427 0.032715 -0.002441 0.972656
gyro 4427 0.351145 1.450382 -4.137404
acc 4438 0.033203 -0.002197 0.971191
gyro 4438 0.427481 1.358779 -4.183206
acc 4450 0.040039 -0.002686 0.975342
gyro 4450 0.274809 1.389313 -4.106870
acc 4462 0.036865 0.004639 0.972412
gyro 4462 0.427481 1.389313 -4.229008
acc 4473 0.035156 0.000000 0.964844
gyro 4473 0.473282 1.251908 -4.229008
acc 4485 0.036377 0.004639 0.968506
gyro 4485 0.503817 1.297710 -4.198473
acc 4497 0.024658 -0.000977 0.964600
gyro 4497 0.488550 1.099237 -4.320611
acc 4509 0.036133 -0.004395 0.971924
gyro 4509 0.458015 1.160305 -4.290076
acc 4520 0.032715 -0.003662 0.952148
gyro 4520 0.366412 1.206107 -4.335878
acc 4532 0.040527 0.000488 0.971924
gyro 4532 0.305344 1.221374 -4.229008
acc 4544 0.033447 -0.000732 0.976807
gyro 4544 0.595420 1.267176 -4.274809
acc 4555 0.029785 0.003906 0.962402
gyro 4555 0.427481 1.190840 -4.061069
acc 4567 0.032959 -0.001709 0.968506
gyro 4567 0.198473 1.419847 -4.320611
acc 4579 0.026855 -0.000488 0.967529
gyro 4579 0.427481 1.267176 -4.396946
acc 4591 0.032227 0.005859 0.971436
gyro 4591 0.396947 1.374046 -4.198473
acc 4602 0.030762 -0.000732 0.980713
gyro 4602 0.427481 1.343511 -4.290076
acc 4614 0.035156 -0.000488 0.970215
gyro 4614 0.519084 1.358779 -4.335878
acc 4626 0.027344 -0.000977 0.959473
gyro 4626 0.503817 1.221374 -4.167939
acc 4637 0.037598 -0.001709 0.968994
gyro 4637 0.290076 1.358779 -4.335878
acc 4649 0.032227 -0.004883 0.974609
gyro 4649 0.351145 1.404580 -4.167939
acc 4661 0.034180 0.000244 0.975586
gyro 4661 0.519084 1.206107 -4.198473
acc 4673 0.027100 0.004150 0.967285
gyro 4673 0.305344 1.267176 -4.320611
acc 4684 0.027344 0.004150 0.963867
gyro 4684 0.473282 1.175573 -4.320611
acc 4696 0.035156 0.002930 0.972656
gyro 4696 0.488550 1.083969 -4.320611
acc 4708 0.035156 0.002686 0.964600
gyro 4708 0.305344 1.389313 -4.137404
acc 4719 0.034424 0.002441 0.976318
gyro 4719 0.519084 1.068702 -4.167939
acc 4731 0.040771 0.001221 0.971680
gyro 4731 0.381679 1.190840 -4.198473
acc 4743 0.032227 -0.000244 0.968506
gyro 4743 0.366412 1.022901 -4.320611
acc 4755 0.039551 0.003174 0.970947
gyro 4755 0.412214 1.419847 -4.366412
acc 4766 0.031982 -0.004639 0.966064
gyro 4766 0.442748 1.160305 -4.137404
acc 4778 0.033691 0.000000 0.973145
gyro 4778 0.305344 1.236641 -4.366412
acc 4790 0.037598 0.002441 0.969727
gyro 4790 0.381679 1.328244 -4.396946
acc 4801 0.039795 -0.000977 0.970459
gyro 4801 0.183206 1.267176 -4.320611
acc 4813 0.038330 -0.000488 0.976318
gyro 4813 0.290076 1.358779 -4.259542
acc 4825 0.031006 0.000977 0.968750
gyro 4825 0.458015 1.297710 -4.259542
acc 4837 0.033447 0.001465 0.971680
gyro 4837 0.549618 1.343511 -4.442748
acc 4848 0.033691 0.003418 0.971436
gyro 4848 0.335878 1.526718 -4.396946
acc 4860 0.031494 -0.004150 0.975098
gyro 4860 0.427481 1.450382 -4.366412
acc 4872 0.035156 0.005615 0.978516
gyro 4872 0.290076 1.267176 -4.458015
acc 4883 0.036377 -0.003662 0.974609
gyro 4883 0.473282 1.206107 -4.488550
acc 4895 0.033936 -0.001221 0.966064
gyro 4895 0.213740 1.358779 -4.381680
acc 4907 0.034180 0.005859 0.970459
gyro 4907 0.259542 1.221374 -4.213740
acc 4919 0.030273 -0.000488 0.968994
gyro 4919 0.442748 1.282443 -4.427481
acc 4930 0.026611 -0.002686 0.964844
gyro 4930 0.610687 1.145038 -4.305344
acc 4942 0.030518 0.000000 0.982910
gyro 4942 0.320611 1.099237 -4.396946
acc 4954 0.031250 -0.000488 0.969971
gyro 4954 0.641221 1.404580 -4.305344
acc 4965 0.037109 -0.001953 0.979004
gyro 4965 0.488550 1.251908 -4.183206
acc 4977 0.031494 -0.009766 0.969971
gyro 4977 0.244275 1.129771 -4.198473
acc 4989 0.036133 -0.000977 0.964844
gyro 4989 0.503817 1.297710 -4.244275
acc 5001 0.034668 -0.000244 0.979980
gyro 5001 0.320611 1.175573 -4.290076
acc 5012 0.037109 -0.006348 0.964600
gyro 5012 0.396947 1.541985 -4.244275
acc 5024 0.029541 -0.001953 0.974854
gyro 5024 0.442748 1.145038 -4.122138
acc 5036 0.028564 -0.002197 0.973145
gyro 5036 0.473282 1.099237 -4.244275
acc 5047 0.028809 -0.001465 0.963623
gyro 5047 0.244275 1.221374 -4.396946
acc 5059 0.038818 0.000488 0.965820
gyro 5059 0.412214 1.312977 -4.244275
acc 5071 0.031738 -0.002441 0.975342
gyro 5071 0.351145 1.251908 -4.122138
acc 5083 0.035889 -0.003662 0.975586
gyro 5083 0.091603 1.236641 -4.366412
acc 5094 0.032227 -0.000488 0.980469
gyro 5094 0.091603 1.206107 -4.320611
acc 5106 0.026611 -0.000244 0.966553
gyro 5106 -0.076336 1.190840 -4.198473
acc 5118 0.035400 0.000977 0.976807
gyro 5118 -0.183206 1.221374 -4.259542
acc 5129 0.024658 -0.000488 0.967773
gyro 5129 -0.259542 1.099237 -4.259542
acc 5141 0.029053 0.001465 0.968994
gyro 5141 0.000000 1.221374 -4.244275
acc 5153 0.030762 -0.000732 0.975586
gyro 5153 -0.412214 1.068702 -4.458015
acc 5165 0.033203 0.001709 0.974609
gyro 5165 -0.564885 1.145038 -4.458015
acc 5176 0.039062 0.001953 0.969971
gyro 5176 -0.778626 0.793893 -4.259542
acc 5188 0.037842 -0.004150 0.982422
gyro 5188 -0.900763 1.007634 -4.290076
acc 5200 0.037842 0.005859 0.975098
gyro 5200 -0.641221 0.839695 -4.473282
acc 5212 0.027344 -0.001953 0.969971
gyro 5212 -0.122137 0.977099 -4.564886
acc 5223 0.030273 0.003662 0.968506
gyro 5223 -0.641221 1.099237 -4.244275
acc 5235 0.034668 -0.001465 0.965088
gyro 5235 -0.519084 1.236641 -4.366412
acc 5247 0.035645 0.001709 0.981934
gyro 5247 -0.122137 0.992366 -4.152672
acc 5258 0.033936 0.002441 0.968506
gyro 5258 -0.167939 1.297710 -4.061069
acc 5270 0.029785 -0.003662 0.978516
gyro 5270 0.000000 1.282443 -4.015267
acc 5282 0.034180 -0.003662 0.973633
gyro 5282 0.030534 1.068702 -4.000000
acc 5294 0.033447 -0.001953 0.967529
gyro 5294 -0.076336 1.129771 -4.396946
acc 5305 0.034668 -0.008789 0.971191
gyro 5305 0.015267 1.129771 -4.030534
acc 5317 0.031982 -0.004395 0.968506
gyro 5317 -0.091603 1.267176 -4.213740
acc 5329 0.038574 0.002930 0.973145
gyro 5329 0.366412 1.190840 -4.274809
acc 5340 0.030273 -0.000977 0.977783
gyro 5340 -0.167939 1.358779 -4.305344
acc 5352 0.034180 -0.004150 0.968506
gyro 5352 -0.030534 1.099237 -4.167939
acc 5364 0.032471 0.001465 0.981934
gyro 5364 0.061069 1.221374 -4.198473
acc 5376 0.037354 -0.007568 0.969727
gyro 5376 0.030534 1.190840 -4.091603
acc 5387 0.026123 -0.005859 0.979980
gyro 5387 0.091603 1.465649 -4.229008
acc 5399 0.034668 0.002686 0.972412
gyro 5399 0.366412 1.267176 -4.244275
acc 5411 0.037354 -0.002686 0.981934
gyro 5411 0.106870 1.083969 -4.290076
acc 5422 0.031494 -0.006592 0.962891
gyro 5422 -0.091603 1.312977 -4.137404
acc 5434 0.031738 -0.002441 0.971680
gyro 5434 -0.015267 1.221374 -4.106870
acc 5446 0.038818 -0.005615 0.982666
gyro 5446 0.106870 1.022901 -4.213740
acc 5458 0.032471 0.000488 0.965332
gyro 5458 0.106870 1.358779 -4.274809
acc 5469 0.028564 -0.008057 0.976807
gyro 5469 0.183206 1.328244 -4.061069
acc 5481 0.035156 0.001709 0.971924
gyro 5481 0.793893 1.572519 -4.045802
acc 5493 0.031494 -0.005615 0.973633
gyro 5493 0.427481 1.312977 -4.137404
acc 5504 0.028076 -0.007080 0.966553
gyro 5504 0.091603 1.450382 -3.954198
acc 5516 0.035889 -0.001221 0.975586
gyro 5516 -0.106870 1.129771 -4.198473
acc 5528 0.032959 -0.002930 0.976562
gyro 5528 -0.030534 1.251908 -4.091603
acc 5540 0.030029 -0.006104 0.973389
gyro 5540 -0.183206 1.297710 -4.290076
acc 5551 0.030273 -0.007568 0.968994
gyro 5551 -0.366412 1.099237 -4.091603
acc 5563 0.030518 -0.001953 0.976074
gyro 5563 -0.519084 0.900763 -4.229008
acc 5575 0.036621 0.000488 0.969727
gyro 5575 -0.381679 0.992366 -4.274809
acc 5586 0.034424 -0.010986 0.976074
gyro 5586 -0.061069 1.175573 -4.091603
acc 5598 0.035889 -0.004639 0.965088
gyro 5598 0.152672 1.297710 -3.954198
acc 5610 0.033936 -0.001953 0.980225
gyro 5610 0.015267 1.236641 -4.152672
acc 5622 0.033691 -0.005859 0.971924
gyro 5622 0.122137 1.358779 -4.152672
acc 5633 0.035645 -0.009033 0.975586
gyro 5633 0.320611 1.526718 -4.015267
acc 5645 0.037109 -0.006836 0.972900
gyro 5645 0.229008 1.679389 -4.030534
acc 5657 0.036133 0.000244 0.975098
gyro 5657 0.229008 1.297710 -3.938931
acc 5668 0.030518 0.001465 0.978760
gyro 5668 -0.076336 1.297710 -4.137404
acc 5680 0.030518 0.001465 0.969482
gyro 5680 -0.351145 1.068702 -3.954198
acc 5692 0.031982 0.000977 0.977783
gyro 5692 -0.656489 1.145038 -4.106870
acc 5704 0.035400 0.002686 0.968750
gyro 5704 -4.503817 1.297710 -4.045802
acc 5715 0.027344 -0.000977 0.985352
gyro 5715 -5.480916 1.526718 -4.351145
acc 5727 0.035645 -0.002930 0.982178
gyro 5727 -6.839694 1.312977 -4.152672
acc 5739 0.034668 -0.010986 0.968506
gyro 5739 -8.198473 1.007634 -4.229008
acc 5750 0.039062 -0.007324 0.970947
gyro 5750 -9.251908 1.328244 -4.702290
acc 5762 0.039795 -0.014648 0.974854
gyro 5762 -10.030535 1.297710 -4.473282
acc 5774 0.038574 -0.018066 0.976318
gyro 5774 -10.366412 1.312977 -4.427481
acc 5786 0.035156 -0.018066 0.973877
gyro 5786 -10.656488 1.480916 -4.366412
acc 5797 0.033447 -0.019043 0.975830
gyro 5797 -10.167939 1.419847 -4.610687
acc 5809 0.038330 -0.024902 0.966309
gyro 5809 -7.923664 1.465649 -4.442748
acc 5821 0.040771 -0.023193 0.979004
gyro 5821 -7.007634 1.343511 -4.198473
acc 5832 0.035645 -0.021484 0.970215
gyro 5832 -7.038168 1.312977 -4.244275
acc 5844 0.032471 -0.023193 0.969727
gyro 5844 -6.595420 1.251908 -4.244275
acc 5856 0.034424 -0.028320 0.971191
gyro 5856 -6.916030 1.435115 -4.152672
acc 5868 0.038086 -0.028076 0.973633
gyro 5868 -8.946565 1.618321 -4.030534
acc 5879 0.038086 -0.027344 0.972900
gyro 5879 -10.061069 1.297710 -4.152672
acc 5891 0.034180 -0.030273 0.982910
gyro 5891 -11.496183 1.251908 -4.244275
acc 5903 0.038330 -0.032227 0.979004
gyro 5903 -12.122137 1.190840 -3.862595
acc 5914 0.033936 -0.040283 0.968262
gyro 5914 -12.320611 1.129771 -4.045802
acc 5926 0.035400 -0.042480 0.976318
gyro 5926 -12.274809 1.145038 -3.862595
acc 5938 0.032227 -0.039307 0.971924
gyro 5938 -13.511451 0.977099 -3.847328
acc 5950 0.036621 -0.043457 0.968262
gyro 5950 -15.297709 0.809160 -3.770992
acc 5961 0.029541 -0.049805 0.978027
gyro 5961 -16.916031 1.038168 -3.847328
acc 5973 0.033936 -0.051270 0.968506
gyro 5973 -17.938931 0.931298 -3.938931
acc 5985 0.033691 -0.045166 0.978027
gyro 5985 -21.236641 0.717557 -3.755725
acc 5997 0.034424 -0.053711 0.978516
gyro 5997 -23.480917 0.717557 -3.664122
acc 6008 0.031494 -0.068115 0.969727
gyro 6008 -24.885496 0.580153 -3.740458
acc 6020 0.036377 -0.071045 0.968750
gyro 6020 -24.610687 0.580153 -3.679389
acc 6032 0.030029 -0.076172 0.976562
gyro 6032 -24.931297 0.381679 -3.587786
acc 6043 0.034668 -0.078369 0.967285
gyro 6043 -25.725191 0.442748 -3.984733
acc 6055 0.035156 -0.082764 0.968506
gyro 6055 -25.419847 0.519084 -3.877863
acc 6067 0.037354 -0.096436 0.961670
gyro 6067 -24.488550 0.671756 -4.106870
acc 6078 0.041016 -0.118896 0.952148
gyro 6078 -18.931297 0.900763 -4.137404
acc 6090 0.035889 -0.112549 0.953857
gyro 6090 -9.938931 1.389313 -4.351145
acc 6102 0.032471 -0.108887 0.974365
gyro 6102 -10.076336 0.488550 -4.198473
acc 6114 0.036133 -0.095947 0.978760
gyro 6114 -15.007633 0.687023 -4.244275
acc 6125 0.036621 -0.097412 0.973633
gyro 6125 -19.374046 0.656489 -4.045802
acc 6137 0.033447 -0.095703 0.981934
gyro 6137 -26.625954 0.167939 -3.908397
acc 6149 0.033691 -0.111328 0.984375
gyro 6149 -31.343512 -0.076336 -3.709924
acc 6160 0.031006 -0.122070 0.965088
gyro 6160 -33.832062 -0.320611 -3.389313
acc 6172 0.041260 -0.128906 0.958008
gyro 6172 -36.320610 -0.305344 -3.511450
acc 6184 0.036865 -0.138672 0.965576
gyro 6184 -36.091602 -0.458015 -3.435115
acc 6196 0.045654 -0.152588 0.947754
gyro 6196 -35.389313 -0.198473 -3.557252
acc 6207 0.058594 -0.124756 0.946289
gyro 6207 -32.534351 -1.389313 -0.885496
acc 6219 0.156006 -0.091064 0.920654
gyro 6219 -24.396946 -1.160305 0.717557
acc 6231 0.184326 -0.186523 0.967773
gyro 6231 -2.717557 3.709924 -32.305344
acc 6242 0.143066 0.001465 0.993896
gyro 6242 -9.221375 -0.656489 -6.931298
acc 6254 0.020020 -0.161865 0.978271
gyro 6254 -30.656488 -0.381679 -2.106870
acc 6266 0.083496 -0.158691 0.936279
gyro 6266 -29.816793 -1.007634 0.549618
acc 6277 0.080322 -0.169189 0.924316
gyro 6277 -23.526718 -1.496183 5.984733
acc 6289 0.049316 -0.291016 0.979004
gyro 6289 -20.564886 -0.778626 8.229008
acc 6301 -0.011719 -0.180420 0.958740
gyro 6301 -25.541985 1.557252 -7.557252
acc 6313 0.030273 -0.188232 0.973877
gyro 6313 -31.145039 0.274809 -5.328244
acc 6324 0.069580 -0.197266 0.932617
gyro 6324 -28.458015 0.274809 -5.053435
acc 6336 0.111816 -0.159180 0.927490
gyro 6336 -19.511450 1.419847 -14.809160
acc 6348 -0.014648 -0.232666 0.955322
gyro 6348 -16.671755 0.778626 -4.152672
acc 6359 0.004395 -0.228760 0.959473
gyro 6359 -23.801527 0.045802 -4.167939
acc 6371 0.046143 -0.236816 0.931641
gyro 6371 -20.992367 0.992366 -3.816794
acc 6383 0.042725 -0.222900 0.937744
gyro 6383 -17.984734 0.778626 -3.664122
acc 6395 0.044678 -0.226318 0.947266
gyro 6395 -19.938931 0.381679 -3.694656
acc 6406 0.037109 -0.230469 0.945557
gyro 6406 -21.801527 0.351145 -3.603053
acc 6418 0.041260 -0.234131 0.936279
gyro 6418 -23.236641 0.351145 -3.694656
acc 6430 0.040527 -0.252197 0.926514
gyro 6430 -19.709923 0.687023 -3.923664
acc 6441 0.041504 -0.245117 0.944092
gyro 6441 -16.152672 0.809160 -3.923664
acc 6453 0.047607 -0.248047 0.932373
gyro 6453 -17.770992 0.946565 -4.213740
acc 6465 0.045898 -0.248535 0.945801
gyro 6465 -18.992367 0.458015 -3.847328
acc 6477 0.041016 -0.260986 0.928223
gyro 6477 -18.824427 0.442748 -3.908397
acc 6488 0.042236 -0.259277 0.930176
gyro 6488 -17.251909 0.671756 -3.908397
acc 6500 0.044189 -0.267822 0.937500
gyro 6500 -16.274809 0.625954 -3.908397
acc 6512 0.049561 -0.271973 0.938965
gyro 6512 -16.000000 0.488550 -4.061069
acc 6523 0.049316 -0.274658 0.928711
gyro 6523 -16.183207 0.824427 -3.740458
acc 6535 0.041992 -0.268066 0.933594
gyro 6535 -15.725191 0.961832 -4.061069
acc 6547 0.047363 -0.271973 0.939209
gyro 6547 -16.152672 0.641221 -3.801527
acc 6559 0.052734 -0.273193 0.939941
gyro 6559 -17.129770 0.244275 -3.832061
acc 6570 0.043945 -0.277832 0.929199
gyro 6570 -19.770992 0.702290 -3.923664
acc 6582 0.043213 -0.280029 0.933838
gyro 6582 -19.832062 0.625954 -3.923664
acc 6594 0.049561 -0.290527 0.926758
gyro 6594 -22.137405 0.351145 -3.770992
acc 6605 0.042725 -0.282959 0.941895
gyro 6605 -24.290077 0.274809 -3.618321
acc 6617 0.044678 -0.299805 0.928467
gyro 6617 -29.450382 -0.274809 -3.618321
acc 6629 0.042725 -0.297119 0.917725
gyro 6629 -32.885498 -0.732824 -3.664122
acc 6640 0.037598 -0.302490 0.919678
gyro 6640 -36.183205 -0.595420 -3.541985
acc 6652 0.043457 -0.324219 0.914307
gyro 6652 -36.916031 -0.916031 -3.770992
acc 6664 0.051758 -0.330078 0.909424
gyro 6664 -33.648853 -0.519084 -3.633588
acc 6676 0.049805 -0.337158 0.899658
gyro 6676 -32.183205 -0.442748 -3.358779
acc 6687 0.051025 -0.333984 0.919678
gyro 6687 -32.625954 -0.870229 -2.809160
acc 6699 0.054688 -0.332275 0.919189
gyro 6699 -32.870228 -2.106870 -0.396947
acc 6711 0.056396 -0.331299 0.906006
gyro 6711 -34.305344 -4.320611 5.297710
acc 6722 0.061768 -0.343750 0.886230
gyro 6722 -30.870230 -5.038168 9.282443
acc 6734 0.016602 -0.414795 0.888428
gyro 6734 -27.709923 -5.190840 12.015267
acc 6746 0.054199 -0.372314 0.891357
gyro 6746 -30.748091 -2.122137 3.312977
acc 6758 0.041992 -0.382080 0.906494
gyro 6758 -32.778625 -0.748092 -1.328244
acc 6769 0.041992 -0.379639 0.889404
gyro 6769 -35.679390 -0.671756 -3.007634
acc 6781 0.047607 -0.381104 0.901367
gyro 6781 -41.832062 -1.389313 -3.648855
acc 6793 0.051025 -0.401123 0.878174
gyro 6793 -42.961834 -0.442748 -3.633588
acc 6804 0.049561 -0.405029 0.884766
gyro 6804 -43.893131 -0.564885 -3.954198
acc 6816 0.045166 -0.418945 0.870117
gyro 6816 -41.801525 0.580153 -3.816794
acc 6828 0.049316 -0.417480 0.878662
gyro 6828 -44.458015 0.198473 -3.893130
acc 6839 0.042480 -0.440918 0.856445
gyro 6839 -43.160305 0.183206 -3.389313
acc 6851 0.058838 -0.438721 0.850830
gyro 6851 -37.511452 0.244275 -3.541985
acc 6863 0.040039 -0.449951 0.865234
gyro 6863 -34.946564 -0.030534 -3.465649
acc 6874 0.047119 -0.460449 0.841553
gyro 6874 -33.114502 0.290076 -3.374046
acc 6886 0.064209 -0.465576 0.846436
gyro 6886 -33.679390 -1.374046 -1.358779
acc 6898 0.027588 -0.450684 0.839355
gyro 6898 -36.259541 -5.801527 8.412213
acc 6909 0.049072 -0.457764 0.855957
gyro 6909 -34.580154 -1.618321 -0.473282
acc 6921 0.052734 -0.471191 0.845459
gyro 6921 -35.465649 -0.977099 -2.641221
acc 6933 0.044922 -0.479004 0.844238
gyro 6933 -39.343510 -0.519084 -3.267176
acc 6944 0.050293 -0.496826 0.824951
gyro 6944 -36.305344 -0.351145 -3.419847
acc 6956 0.044434 -0.492432 0.839844
gyro 6956 -35.129772 -0.045802 -3.679389
acc 6968 0.055420 -0.507324 0.833496
gyro 6968 -36.229008 -0.061069 -3.893130
acc 6979 0.048828 -0.506348 0.827881
gyro 6979 -36.320610 -0.320611 -4.061069
acc 6991 0.051514 -0.517334 0.822998
gyro 6991 -38.030533 -0.305344 -5.282443
acc 7003 0.052002 -0.515625 0.823486
gyro 7003 -37.664124 0.442748 -4.335878
acc 7014 0.062012 -0.521484 0.817383
gyro 7014 -38.717556 0.198473 -3.770992
acc 7026 0.057129 -0.535645 0.804443
gyro 7026 -36.595421 0.687023 -3.664122
acc 7038 0.057861 -0.532227 0.818115
gyro 7038 -38.488548 0.458015 -3.801527
acc 7049 0.060303 -0.542969 0.798828
gyro 7049 -39.450382 0.427481 -3.755725
acc 7061 0.051758 -0.559082 0.782959
gyro 7061 -39.786259 0.015267 -3.419847
acc 7073 0.050293 -0.570557 0.779785
gyro 7073 -36.503819 0.503817 -4.305344
acc 7084 0.049072 -0.569824 0.795654
gyro 7084 -36.167938 0.656489 -4.076336
acc 7096 0.061279 -0.571289 0.783936
gyro 7096 -33.511452 0.687023 -4.183206
acc 7108 0.054688 -0.571777 0.795898
gyro 7108 -36.473282 0.427481 -4.229008
acc 7119 0.052002 -0.571777 0.789551
gyro 7119 -38.458015 0.396947 -4.030534
acc 7131 0.052246 -0.583740 0.773438
gyro 7131 -42.351147 0.122137 -3.496183
acc 7143 0.058594 -0.599609 0.757812
gyro 7143 -40.946564 0.412214 -3.648855
acc 7154 0.055420 -0.609863 0.750000
gyro 7154 -39.954197 0.152672 -3.877863
acc 7166 0.059814 -0.616699 0.760498
gyro 7166 -37.068703 0.595420 -4.213740
acc 7178 0.055420 -0.615723 0.750244
gyro 7178 -38.549618 1.435115 -5.450382
acc 7189 0.049805 -0.626953 0.731934
gyro 7189 -41.053436 4.900764 -9.648855
acc 7201 0.052490 -0.627441 0.741699
gyro 7201 -36.900764 0.335878 -3.587786
acc 7213 0.059570 -0.638672 0.727539
gyro 7213 -36.595421 0.244275 -3.526718
acc 7224 0.057129 -0.644287 0.727051
gyro 7224 -33.603054 -0.198473 -3.496183
acc 7236 0.058350 -0.652588 0.721436
gyro 7236 -31.145039 0.366412 -3.938931
acc 7248 0.053467 -0.655762 0.722412
gyro 7248 -29.465649 0.473282 -3.923664
acc 7259 0.051270 -0.651611 0.714844
gyro 7259 -30.702290 0.595420 -3.709924
acc 7271 0.058594 -0.667236 0.710938
gyro 7271 -30.702290 0.534351 -3.862595
acc 7283 0.053955 -0.664551 0.711914
gyro 7283 -27.557251 0.763359 -3.938931
acc 7294 0.056641 -0.671631 0.700928
gyro 7294 -28.580153 0.534351 -3.969466
acc 7306 0.045654 -0.675781 0.703613
gyro 7306 -27.190840 0.671756 -4.152672
acc 7318 0.053223 -0.675049 0.709717
gyro 7318 -30.717558 -0.076336 -3.511450
acc 7329 0.060791 -0.679932 0.703125
gyro 7329 -29.007633 0.351145 -3.740458
acc 7341 0.049805 -0.678955 0.691650
gyro 7341 -29.068703 -2.778626 -1.160305
acc 7353 0.064453 -0.704834 0.661377
gyro 7353 -24.625954 4.183206 -7.465649
acc 7364 0.047852 -0.702637 0.673584
gyro 7364 -23.816793 2.595420 -6.015267
acc 7376 0.058105 -0.707520 0.675537
gyro 7376 -19.007633 5.923664 -9.145039
acc 7388 0.039795 -0.708252 0.663086
gyro 7388 -20.564886 5.862596 -8.763359
acc 7400 0.047119 -0.697266 0.677002
gyro 7400 -18.610687 4.335878 -7.587786
acc 7411 0.045166 -0.701660 0.674316
gyro 7411 -21.419847 3.083969 -6.488550
acc 7423 0.063477 -0.708008 0.679688
gyro 7423 -21.908398 2.076336 -5.480916
acc 7435 0.059570 -0.715576 0.668213
gyro 7435 -22.396946 0.488550 -4.198473
acc 7446 0.057861 -0.714844 0.662598
gyro 7446 -20.717558 0.488550 -3.725191
acc 7458 0.060547 -0.715088 0.662109
gyro 7458 -23.847328 0.274809 -3.709924
acc 7470 0.063721 -0.722412 0.657715
gyro 7470 -20.748091 0.519084 -3.618321
acc 7481 0.055420 -0.726807 0.656982
gyro 7481 -23.160305 0.442748 -3.297710
acc 7493 0.059326 -0.730713 0.652832
gyro 7493 -20.778625 0.564885 -3.679389
acc 7505 0.052246 -0.732422 0.653076
gyro 7505 -22.931297 0.335878 -4.061069
acc 7516 0.054688 -0.728271 0.644043
gyro 7516 -23.328245 0.381679 -3.862595
acc 7528 0.054688 -0.736816 0.641602
gyro 7528 -28.030535 0.229008 -3.557252
acc 7540 0.056641 -0.737061 0.645752
gyro 7540 -28.900763 -0.412214 -3.694656
acc 7551 0.060059 -0.746338 0.619873
gyro 7551 -29.496183 -0.931298 -2.946565
acc 7563 0.062744 -0.745850 0.624268
gyro 7563 -26.595419 -5.343512 0.656489
acc 7575 0.044434 -0.755615 0.621094
gyro 7575 -41.114502 -26.244274 17.297710
acc 7586 0.057617 -0.747559 0.613525
gyro 7586 -30.396946 -1.862595 -1.618321
acc 7598 0.061768 -0.752441 0.607178
gyro 7598 -33.114502 -1.114504 -2.381679
acc 7609 0.059082 -0.770996 0.606201
gyro 7609 -33.938931 -4.549618 -0.015267
acc 7621 0.055420 -0.770752 0.596680
gyro 7621 -33.435116 -1.557252 -2.106870
acc 7633 0.057617 -0.781982 0.580078
gyro 7633 -28.992367 0.671756 -3.755725
acc 7644 0.057373 -0.779541 0.594238
gyro 7644 -31.267176 0.427481 -4.122138
acc 7656 0.060059 -0.779785 0.586182
gyro 7656 -31.267176 0.137405 -3.816794
acc 7668 0.054443 -0.783691 0.581787
gyro 7668 -33.572517 0.061069 -3.755725
acc 7679 0.058594 -0.799072 0.559570
gyro 7679 -32.122139 0.259542 -4.000000
acc 7691 0.047363 -0.797607 0.562744
gyro 7691 -31.450382 0.595420 -3.938931
acc 7703 0.055420 -0.802246 0.554443
gyro 7703 -27.862595 0.671756 -3.954198
acc 7714 0.055664 -0.795166 0.553467
gyro 7714 -30.366413 0.137405 -3.816794
acc 7726 0.058594 -0.810303 0.551514
gyro 7726 -30.244274 0.015267 -3.923664
acc 7738 0.056641 -0.809082 0.554932
gyro 7738 -29.709923 0.396947 -4.061069
acc 7749 0.060303 -0.818115 0.532715
gyro 7749 -27.221375 0.595420 -4.305344
acc 7761 0.133057 -0.754395 0.602051
gyro 7761 -14.091603 11.587787 -16.839695
acc 7773 0.054932 -0.830322 0.514893
gyro 7773 -22.366413 1.068702 -4.702290
acc 7784 0.043945 -0.819824 0.534668
gyro 7784 -25.877863 0.748092 -4.229008
acc 7796 0.052734 -0.822510 0.533936
gyro 7796 -24.717558 0.916031 -4.045802
acc 7808 0.062256 -0.831055 0.523438
gyro 7808 -25.923664 0.839695 -3.755725
acc 7819 0.058105 -0.831787 0.515869
gyro 7819 -23.618320 1.190840 -3.938931
acc 7831 0.098633 -0.830566 0.520508
gyro 7831 -23.557251 1.526718 -4.900764
acc 7843 0.068115 -0.830078 0.511719
gyro 7843 -20.610687 4.549618 -6.412214
acc 7854 0.047119 -0.822998 0.512207
gyro 7854 -24.106871 2.290076 -4.824428
acc 7866 0.291748 -0.770508 0.628662
gyro 7866 -10.748092 7.374046 -11.236641
acc 7877 -0.002441 -0.858398 0.459961
gyro 7877 -25.511450 4.167939 -6.412214
acc 7889 0.034180 -0.847412 0.487793
gyro 7889 -23.480917 0.992366 -4.259542
acc 7901 0.052490 -0.844482 0.485596
gyro 7901 -25.496183 -0.259542 -3.419847
acc 7912 0.057617 -0.843018 0.493652
gyro 7912 -24.320610 0.351145 -3.725191
acc 7924 0.058594 -0.851074 0.477295
gyro 7924 -27.114504 0.244275 -3.389313
acc 7936 0.063965 -0.869629 0.457520
gyro 7936 -25.007633 0.137405 -2.580153
acc 7947 0.062256 -0.857178 0.477783
gyro 7947 -16.320610 -5.908397 0.671756
acc 7959 0.244629 -0.728027 0.787354
gyro 7959 30.427481 -5.267176 -2.412214
acc 7971 -0.164062 -0.963379 0.187988
gyro 7971 -16.274809 21.893129 -15.679389
acc 7982 -0.001709 -0.883789 0.438965
gyro 7982 -18.885496 2.366412 -3.206107
acc 7994 0.057129 -0.858398 0.480469
gyro 7994 -21.923664 1.725191 -2.625954
acc 8006 0.057617 -0.860840 0.465332
gyro 8006 -18.992367 1.435115 -2.977099
acc 8017 0.054688 -0.862793 0.453857
gyro 8017 -18.610687 1.694656 -2.961832
acc 8029 0.052979 -0.859863 0.457275
gyro 8029 -18.442749 1.389313 -3.053435
acc 8041 0.061523 -0.876709 0.443604
gyro 8041 -17.770992 1.541985 -3.068702
acc 8052 0.057617 -0.877441 0.443115
gyro 8052 -14.931297 1.664122 -3.465649
acc 8064 0.057129 -0.875977 0.448486
gyro 8064 -13.618320 1.664122 -3.725191
acc 8076 0.056396 -0.877197 0.447021
gyro 8076 -12.717557 1.648855 -3.343511
acc 8087 0.059326 -0.876953 0.447510
gyro 8087 -13.969465 1.465649 -3.541985
acc 8099 0.054932 -0.873291 0.441895
gyro 8099 -15.236641 1.343511 -3.358779
acc 8111 0.054932 -0.876953 0.437988
gyro 8111 -16.671755 1.679389 -3.435115
acc 8122 0.052490 -0.882568 0.436768
gyro 8122 -15.816793 1.770992 -3.404580
acc 8134 0.059326 -0.874023 0.435303
gyro 8134 -19.038168 3.358779 -3.832061
acc 8145 0.049805 -0.877197 0.429688
gyro 8145 -18.152672 2.503817 -3.450382
acc 8157 0.046875 -0.875732 0.427490
gyro 8157 -19.664122 2.274809 -3.145038
acc 8169 0.051758 -0.878662 0.428955
gyro 8169 -22.259542 1.618321 -2.687023
acc 8180 0.051758 -0.886475 0.422119
gyro 8180 -24.778625 1.389313 -2.427481
acc 8192 0.052490 -0.895752 0.406250
gyro 8192 -25.343512 1.465649 -2.229008
acc 8204 0.051514 -0.902344 0.391846
gyro 8204 -22.809160 1.770992 -2.702290
acc 8215 0.052490 -0.902832 0.393555
gyro 8215 -19.465649 1.938931 -3.053435
acc 8227 0.046631 -0.905518 0.381836
gyro 8227 -18.473282 3.984733 -4.290076
acc 8239 0.026367 -0.879150 0.457764
gyro 8239 -18.351145 11.557252 -7.603054
acc 8250 0.051514 -0.882568 0.426270
gyro 8250 -20.534351 2.854962 -3.755725
acc 8262 0.053955 -0.904297 0.387451
gyro 8262 -24.610687 2.152672 -2.702290
acc 8274 0.047363 -0.901611 0.373779
gyro 8274 -23.801527 1.648855 -2.396947
acc 8285 0.050781 -0.906006 0.385498
gyro 8285 -24.442749 1.664122 -2.473282
acc 8297 0.046387 -0.912842 0.374023
gyro 8297 -23.679390 2.259542 -2.992366
acc 8309 0.071045 -0.889893 0.402100
gyro 8309 -14.076336 15.541985 -12.366412
acc 8320 0.044678 -0.929688 0.342529
gyro 8320 -19.465649 1.908397 -2.961832
acc 8332 0.053223 -0.920410 0.363281
gyro 8332 -18.167938 1.343511 -2.824427
acc 8344 0.051758 -0.915039 0.367432
gyro 8344 -20.381680 1.709924 -2.671756
acc 8355 0.046387 -0.910889 0.350098
gyro 8355 -20.412214 1.893130 -3.068702
acc 8367 0.049805 -0.915283 0.344971
gyro 8367 -19.938931 3.160305 -3.648855
acc 8379 0.043945 -0.920410 0.345215
gyro 8379 -20.030535 3.419847 -3.893130
acc 8390 0.049316 -0.917969 0.350586
gyro 8390 -21.679390 3.282443 -3.954198
acc 8402 0.049561 -0.921631 0.328125
gyro 8402 -20.732824 3.633588 -4.167939
acc 8414 0.048096 -0.921875 0.330322
gyro 8414 -19.190840 2.916031 -3.969466
acc 8425 0.039795 -0.926758 0.335693
gyro 8425 -19.770992 2.961832 -4.152672
acc 8437 0.045898 -0.923096 0.337646
gyro 8437 -18.427481 0.809160 -4.290076
acc 8449 0.046387 -0.927734 0.321777
gyro 8449 -19.389313 0.931298 -4.564886
acc 8460 0.039795 -0.927734 0.323242
gyro 8460 -19.786259 0.473282 -4.061069
acc 8472 0.037598 -0.942871 0.306396
gyro 8472 -19.267176 0.763359 -4.290076
acc 8484 0.051270 -0.943359 0.305420
gyro 8484 -13.893129 1.511450 -4.564886
acc 8495 0.041016 -0.942383 0.307129
gyro 8495 -12.702291 1.572519 -4.534351
acc 8507 0.052734 -0.936035 0.309814
gyro 8507 -12.076336 1.297710 -4.580153
acc 8519 0.045654 -0.941406 0.310059
gyro 8519 -14.564885 1.068702 -4.351145
acc 8530 0.046875 -0.933594 0.309082
gyro 8530 -14.870229 0.916031 -4.427481
acc 8542 0.042480 -0.940186 0.290283
gyro 8542 -15.816793 1.022901 -4.351145
acc 8554 0.043945 -0.944336 0.288574
gyro 8554 -13.328244 1.251908 -4.381680
acc 8565 0.047852 -0.943115 0.290283
gyro 8565 -12.183207 1.022901 -4.656488
acc 8577 0.045410 -0.949951 0.277832
gyro 8577 -9.145039 1.251908 -4.580153
acc 8589 0.043457 -0.938965 0.293457
gyro 8589 -9.038168 1.709924 -4.763359
acc 8601 0.040283 -0.945557 0.289307
gyro 8601 -9.832061 2.458015 -5.129771
acc 8612 0.053955 -0.938721 0.299561
gyro 8612 -12.351145 6.641222 -6.610687
acc 8624 0.042480 -0.945557 0.272705
gyro 8624 -11.557252 5.114504 -5.954198
acc 8636 0.048096 -0.939453 0.287842
gyro 8636 -11.938931 2.748092 -5.160306
acc 8647 0.039795 -0.947510 0.281982
gyro 8647 -12.488549 1.465649 -4.656488
acc 8659 0.041504 -0.938965 0.282959
gyro 8659 -14.580153 1.374046 -4.473282
acc 8671 0.043701 -0.941406 0.273926
gyro 8671 -17.282442 1.389313 -4.488550
acc 8682 0.049316 -0.942383 0.263672
gyro 8682 -20.839695 3.526718 -5.267176
acc 8694 0.065430 -0.965332 0.242188
gyro 8694 -20.992367 15.816793 -9.847328
acc 8706 0.034180 -0.946777 0.250000
gyro 8706 -15.938931 12.152672 -8.824428
acc 8717 0.055420 -0.947754 0.241943
gyro 8717 -19.251909 10.702291 -8.519084
acc 8729 0.048096 -0.949219 0.267334
gyro 8729 -20.625954 11.770992 -8.167939
acc 8741 0.039795 -0.946533 0.268799
gyro 8741 -25.511450 11.511451 -7.648855
acc 8752 0.063232 -0.940674 0.250244
gyro 8752 -32.870228 18.030535 -9.587787
acc 8764 0.061279 -0.951660 0.233154
gyro 8764 -36.137405 17.511450 -8.977099
acc 8776 0.039307 -0.965820 0.231201
gyro 8776 -33.877861 16.274809 -7.954198
acc 8787 0.043945 -0.952393 0.232178
gyro 8787 -33.083969 13.572519 -7.007634
acc 8799 0.026855 -0.960205 0.223877
gyro 8799 -33.404579 9.435115 -6.198473
acc 8811 0.032715 -0.964844 0.198486
gyro 8811 -31.190840 3.328244 -4.870229
acc 8822 0.046875 -0.958252 0.206543
gyro 8822 -30.519083 4.442748 -5.343512
acc 8834 0.049561 -0.970947 0.197754
gyro 8834 -31.419847 4.366412 -5.435114
acc 8846 0.049072 -0.965820 0.199707
gyro 8846 -32.488548 7.022901 -6.229008
acc 8857 0.040039 -0.963135 0.191406
gyro 8857 -34.152672 3.984733 -5.190840
acc 8869 0.045654 -0.962891 0.181885
gyro 8869 -36.931297 0.717557 -4.366412
acc 8881 0.048096 -0.976562 0.164551
gyro 8881 -37.343510 1.511450 -4.610687
acc 8892 0.047119 -0.983398 0.141602
gyro 8892 -34.213741 0.229008 -4.671756
acc 8904 0.035645 -0.968018 0.144043
gyro 8904 -31.725191 0.519084 -4.564886
acc 8916 0.046387 -0.975830 0.133789
gyro 8916 -30.702290 0.625954 -4.396946
acc 8927 0.054688 -0.978516 0.159424
gyro 8927 -31.603054 2.442748 -4.320611
acc 8939 0.043701 -0.976807 0.136963
gyro 8939 -33.725189 1.633588 -4.458015
acc 8951 0.045410 -0.975098 0.133545
gyro 8951 -35.480915 1.557252 -4.412214
acc 8962 0.042236 -0.986084 0.114502
gyro 8962 -36.274811 0.870229 -4.549618
acc 8974 0.048828 -0.986328 0.131348
gyro 8974 -35.740459 1.297710 -4.534351
acc 8986 0.044922 -0.982666 0.096436
gyro 8986 -36.183205 1.282443 -4.152672
acc 8997 0.041016 -0.986572 0.109863
gyro 8997 -36.549618 1.251908 -4.351145
acc 9009 0.049316 -0.985596 0.091797
gyro 9009 -37.480915 0.809160 -4.259542
acc 9021 0.038330 -0.982666 0.090332
gyro 9021 -38.366413 0.732824 -4.458015
acc 9032 0.039062 -0.985840 0.069580
gyro 9032 -38.961834 0.549618 -4.396946
acc 9044 0.042969 -0.991455 0.059082
gyro 9044 -38.274811 0.351145 -4.610687
acc 9056 0.041992 -0.994629 0.055176
gyro 9056 -36.442749 0.870229 -4.366412
acc 9067 0.037842 -0.999512 0.055176
gyro 9067 -35.175571 1.190840 -4.320611
acc 9079 0.048828 -0.985596 0.046143
gyro 9079 -35.282444 0.732824 -4.610687
acc 9091 0.039062 -0.993408 0.038574
gyro 9091 -36.030533 0.335878 -4.580153
acc 9102 0.047852 -0.986084 0.041016
gyro 9102 -37.633587 0.671756 -4.503817
acc 9114 0.048096 -0.991211 0.036377
gyro 9114 -40.061069 0.702290 -4.488550
acc 9126 0.039307 -0.993408 0.022461
gyro 9126 -41.984734 0.641221 -4.381680
acc 9137 0.044189 -0.987305 0.022217
gyro 9137 -44.961834 0.625954 -4.167939
acc 9149 0.045898 -0.988037 0.004639
gyro 9149 -48.610687 0.839695 -4.030534
acc 9161 0.048828 -0.986084 -0.007080
gyro 9161 -51.236641 0.381679 -4.198473
acc 9172 0.031250 -1.013184 -0.038818
gyro 9172 -12.503817 0.916031 -4.610687
acc 9184 0.044678 -1.004639 -0.023438
gyro 9184 -5.480916 0.977099 -4.412214
acc 9196 0.044922 -0.992676 -0.025879
gyro 9196 -4.854962 0.732824 -4.580153
acc 9207 0.043213 -0.987061 -0.025391
gyro 9207 -3.389313 0.687023 -4.488550
acc 9219 0.043457 -0.994629 -0.034424
gyro 9219 -2.290076 0.702290 -4.351145
acc 9231 0.044189 -1.006348 -0.029297
gyro 9231 -1.541985 1.022901 -4.213740
acc 9242 0.044434 -0.995850 -0.033447
gyro 9242 -1.022901 0.961832 -4.183206
acc 9254 0.048584 -0.990723 -0.031494
gyro 9254 0.778626 1.129771 -4.244275
acc 9266 0.050293 -0.999512 -0.025391
gyro 9266 1.969466 1.221374 -4.167939
acc 9277 0.042725 -1.005859 -0.027100
gyro 9277 1.969466 1.267176 -4.351145
acc 9289 0.043701 -0.990967 -0.022461
gyro 9289 2.488550 1.312977 -4.519084
acc 9301 0.053467 -0.987793 -0.023682
gyro 9301 2.641221 1.297710 -4.503817
acc 9312 0.048584 -0.991699 -0.015381
gyro 9312 1.847328 1.175573 -4.503817
acc 9324 0.043945 -1.001709 -0.021973
gyro 9324 0.778626 1.236641 -4.503817
acc 9336 0.042480 -0.994629 -0.024414
gyro 9336 0.167939 1.343511 -4.412214
acc 9347 0.044922 -0.996094 -0.028564
gyro 9347 0.564885 1.099237 -4.549618
acc 9359 0.040039 -0.991699 -0.017334
gyro 9359 0.152672 1.190840 -4.534351
acc 9371 0.047363 -0.994629 -0.030273
gyro 9371 -0.610687 1.114504 -4.641222
acc 9382 0.046143 -0.990967 -0.015869
gyro 9382 -0.442748 1.068702 -4.488550
acc 9394 0.048584 -0.994629 -0.017090
gyro 9394 -1.465649 0.671756 -4.854962
acc 9406 0.035645 -0.992188 -0.025879
gyro 9406 -2.687023 0.473282 -4.595420
acc 9417 0.060059 -0.997314 -0.019531
gyro 9417 -2.259542 -1.709924 -4.519084
acc 9429 0.041016 -0.996826 -0.023193
gyro 9429 -2.427481 0.167939 -4.656488
acc 9441 0.029785 -0.992188 -0.030029
gyro 9441 -3.374046 -1.862595 -4.335878
acc 9452 0.061768 -0.996826 -0.018799
gyro 9452 -2.045802 -4.900764 -3.801527
acc 9464 0.055664 -1.000000 -0.017822
gyro 9464 -0.290076 -0.763359 -4.167939
acc 9476 0.045166 -1.005127 -0.021973
gyro 9476 -0.885496 1.175573 -4.167939
acc 9487 0.048096 -1.000244 -0.026855
gyro 9487 -0.702290 1.206107 -4.244275
acc 9499 0.046631 -0.996094 -0.022949
gyro 9499 -0.610687 1.297710 -4.213740
acc 9511 0.043457 -0.997803 -0.027100
gyro 9511 0.198473 1.267176 -4.290076
acc 9522 0.052002 -0.998535 -0.021484
gyro 9522 -0.061069 1.312977 -4.167939
acc 9534 0.045898 -0.992676 -0.024658
gyro 9534 -0.061069 1.175573 -4.351145
acc 9546 0.046875 -0.988281 -0.031250
gyro 9546 0.015267 1.099237 -4.488550
acc 9557 0.049072 -0.997314 -0.027832
gyro 9557 0.335878 1.282443 -4.366412
acc 9569 0.048340 -0.986572 -0.019775
gyro 9569 -0.091603 1.297710 -4.580153
acc 9581 0.048584 -0.998047 -0.026367
gyro 9581 0.259542 1.221374 -4.564886
acc 9592 0.042236 -0.992920 -0.020264
gyro 9592 1.068702 1.328244 -4.442748
acc 9604 0.043945 -0.993164 -0.037842
gyro 9604 0.366412 1.236641 -4.122138
acc 9616 0.038818 -0.995850 -0.015381
gyro 9616 0.549618 1.114504 -4.351145
acc 9627 0.039307 -0.991943 -0.030762
gyro 9627 -0.167939 1.175573 -4.229008
acc 9639 0.038086 -0.998535 -0.021729
gyro 9639 0.351145 1.038168 -4.381680
acc 9651 0.048828 -0.994629 -0.026611
gyro 9651 0.106870 1.114504 -4.381680
acc 9662 0.035889 -1.023926 -0.005127
gyro 9662 1.068702 -13.587787 -4.000000
acc 9674 0.039795 -0.997070 -0.004883
gyro 9674 0.900763 -0.244275 -4.351145
acc 9686 0.048096 -0.996582 -0.029297
gyro 9686 -0.473282 1.404580 -4.442748
acc 9697 0.043945 -0.999756 -0.023682
gyro 9697 0.687023 1.175573 -4.351145
acc 9709 0.047852 -0.992188 -0.028564
gyro 9709 0.458015 1.129771 -4.320611
acc 9721 0.042969 -0.995850 -0.030762
gyro 9721 0.061069 1.221374 -4.229008
acc 9732 0.039062 -1.000244 -0.031006
gyro 9732 0.106870 1.236641 -4.427481
acc 9744 0.041992 -0.993652 -0.019775
gyro 9744 -0.076336 1.251908 -4.335878
acc 9756 0.036133 -1.003906 -0.027588
gyro 9756 0.442748 1.206107 -4.335878
acc 9767 0.043701 -0.998291 -0.022705
gyro 9767 0.534351 1.068702 -4.442748
acc 9779 0.046631 -0.991699 -0.029053
gyro 9779 0.534351 1.236641 -4.580153
acc 9791 0.048340 -0.993408 -0.023438
gyro 9791 0.305344 1.328244 -4.488550
acc 9802 0.050293 -0.992188 -0.016846
gyro 9802 0.137405 1.190840 -4.396946
acc 9814 0.047607 -0.998779 -0.029297
gyro 9814 0.900763 1.404580 -4.229008
acc 9826 0.048340 -0.992432 -0.023193
gyro 9826 0.366412 1.190840 -4.351145
acc 9837 0.042725 -1.002197 -0.012451
gyro 9837 0.137405 1.312977 -4.290076
acc 9849 0.041992 -0.998779 -0.023926
gyro 9849 -0.106870 1.114504 -4.335878
acc 9861 0.042725 -0.996338 -0.020752
gyro 9861 -0.015267 1.541985 -4.396946
acc 9872 0.047363 -0.998535 -0.019287
gyro 9872 -0.091603 1.145038 -4.244275
acc 9884 0.045898 -0.999756 -0.029541
gyro 9884 0.229008 1.282443 -4.351145
acc 9896 0.042725 -0.998535 -0.020996
gyro 9896 0.702290 1.221374 -4.244275
acc 9907 0.045654 -0.992188 -0.027100
gyro 9907 0.763359 1.297710 -4.473282
acc 9919 0.051270 -0.993408 -0.030518
gyro 9919 0.931298 1.145038 -4.656488
acc 9931 0.045654 -0.989258 -0.015381
gyro 9931 0.549618 1.358779 -4.412214
acc 9942 0.048828 -0.995117 -0.037354
gyro 9942 0.290076 1.267176 -4.290076
acc 9954 0.050293 -0.994141 -0.034180
gyro 9954 0.183206 1.435115 -4.503817
acc 9966 0.048584 -0.994873 -0.029297
gyro 9966 0.274809 1.282443 -4.412214
acc 9977 0.042725 -0.997070 -0.022461
gyro 9977 0.229008 1.251908 -4.198473
acc 9989 0.040771 -0.989502 -0.028564
gyro 9989 0.167939 1.236641 -4.320611
acc 10001 0.046875 -0.996582 -0.029297
gyro 10001 0.137405 1.206107 -4.305344
acc 10012 0.044922 -1.001709 -0.033447
gyro 10012 0.519084 1.190840 -4.183206
acc 10024 0.044434 -0.998291 -0.030518
gyro 10024 0.396947 1.160305 -4.320611
acc 10036 0.047119 -0.998535 -0.027100
gyro 10036 0.076336 1.328244 -4.351145
acc 10047 0.041748 -0.998535 -0.018799
gyro 10047 0.290076 1.297710 -4.412214
acc 10059 0.047852 -0.990234 -0.025879
gyro 10059 0.106870 1.343511 -4.366412
acc 10071 0.046387 -0.998047 -0.023682
gyro 10071 0.030534 1.160305 -4.366412
acc 10082 0.047363 -0.991943 -0.034424
gyro 10082 0.305344 1.297710 -4.259542
acc 10094 0.045410 -1.001221 -0.025146
gyro 10094 0.045802 1.083969 -4.335878
acc 10106 0.043701 -1.000000 -0.036377
gyro 10106 0.198473 1.190840 -4.244275
acc 10117 0.045654 -0.997070 -0.026123
gyro 10117 0.717557 1.297710 -4.274809
acc 10129 0.042725 -0.995850 -0.029785
gyro 10129 0.244275 1.343511 -4.366412
acc 10141 0.042236 -0.997314 -0.030762
gyro 10141 0.473282 1.145038 -4.442748
acc 10152 0.048096 -1.003906 -0.026611
gyro 10152 0.274809 1.282443 -4.534351
acc 10164 0.044922 -0.998535 -0.020508
gyro 10164 0.351145 1.450382 -4.564886
acc 10176 0.035400 -0.999268 -0.026123
gyro 10176 -0.045802 1.236641 -4.473282
acc 10187 0.041016 -0.999023 -0.015625
gyro 10187 -0.396947 1.190840 -4.717557
acc 10199 0.046143 -1.001465 -0.039307
gyro 10199 -0.656489 1.145038 -4.442748
acc 10211 0.047119 -1.002197 -0.020264
gyro 10211 -0.030534 1.129771 -4.549618
acc 10222 0.046875 -1.001221 -0.033936
gyro 10222 0.106870 1.099237 -4.687023
acc 10234 0.043945 -0.999023 -0.032715
gyro 10234 0.244275 1.129771 -4.442748
acc 10246 0.041504 -0.995117 -0.032959
gyro 10246 0.671756 1.358779 -4.580153
acc 10257 0.047852 -1.002441 -0.037354
gyro 10257 0.488550 1.160305 -4.473282
acc 10269 0.043945 -0.994629 -0.020996
gyro 10269 0.366412 1.099237 -4.458015
acc 10281 0.047363 -0.994385 -0.028809
gyro 10281 0.091603 1.068702 -4.488550
acc 10292 0.050049 -0.998535 -0.029541
gyro 10292 0.229008 1.129771 -4.473282
acc 10304 0.044189 -0.998535 -0.029053
gyro 10304 -0.030534 1.160305 -4.610687
acc 10316 0.047363 -0.991455 -0.031006
gyro 10316 0.015267 1.114504 -4.320611
acc 10327 0.049072 -0.996826 -0.021240
gyro 10327 0.030534 0.793893 -4.259542
acc 10339 0.043945 -0.997803 -0.032471
gyro 10339 0.030534 1.114504 -4.396946
acc 10351 0.044189 -0.993408 -0.019775
gyro 10351 0.427481 1.083969 -4.519084
acc 10362 0.042969 -0.997070 -0.024658
gyro 10362 0.183206 1.267176 -4.778626
acc 10374 0.048096 -0.991943 -0.030762
gyro 10374 0.427481 1.221374 -4.259542
acc 10386 0.041748 -1.002197 -0.029297
gyro 10386 0.671756 1.221374 -4.427481
acc 10397 0.045654 -0.994629 -0.026367
gyro 10397 0.961832 1.389313 -4.137404
acc 10409 0.047363 -0.995117 -0.028320
gyro 10409 0.778626 1.221374 -4.198473
acc 10421 0.043457 -0.992676 -0.035156
gyro 10421 0.961832 1.129771 -4.381680
acc 10432 0.047852 -0.999512 -0.033203
gyro 10432 0.778626 1.251908 -4.015267
acc 10444 0.044189 -0.997314 -0.031250
gyro 10444 0.564885 1.282443 -4.167939
acc 10456 0.044189 -0.996826 -0.027100
gyro 10456 0.335878 1.312977 -4.442748
acc 10467 0.053223 -0.999512 -0.025391
gyro 10467 0.122137 1.267176 -4.519084
acc 10479 0.044922 -0.993652 -0.032715
gyro 10479 -0.015267 1.251908 -4.488550
acc 10491 0.044434 -0.992188 -0.026611
gyro 10491 0.000000 1.190840 -4.259542
acc 10502 0.048828 -1.000000 -0.028076
gyro 10502 0.259542 1.343511 -4.366412
acc 10514 0.041748 -0.996582 -0.030029
gyro 10514 0.000000 1.282443 -4.305344
acc 10526 0.038330 -0.990234 -0.022949
gyro 10526 0.183206 1.374046 -4.396946
acc 10537 0.042725 -0.997070 -0.031494
gyro 10537 -0.183206 1.450382 -4.381680
acc 10549 0.044434 -0.998047 -0.025146
gyro 10549 0.091603 1.236641 -4.137404
acc 10561 0.041504 -0.996338 -0.030029
gyro 10561 -0.015267 1.129771 -4.259542
acc 10572 0.046143 -0.998535 -0.043213
gyro 10572 0.122137 1.129771 -4.381680
acc 10584 0.040283 -0.998291 -0.024902
gyro 10584 0.412214 1.206107 -4.244275
acc 10596 0.043457 -0.994385 -0.031982
gyro 10596 0.351145 1.282443 -4.519084
acc 10607 0.044922 -1.003906 -0.025146
gyro 10607 0.137405 1.435115 -4.274809
acc 10619 0.041992 -0.998535 -0.020752
gyro 10619 -0.076336 1.374046 -4.335878
acc 10631 0.042969 -0.996826 -0.021973
gyro 10631 -0.396947 1.251908 -4.290076
acc 10642 0.049805 -0.997070 -0.024414
gyro 10642 -0.503817 1.251908 -4.564886
acc 10654 0.049561 -0.989502 -0.036377
gyro 10654 -0.137405 1.190840 -4.488550
acc 10666 0.045654 -0.990479 -0.021729
gyro 10666 0.366412 1.251908 -4.351145
acc 10677 0.048096 -1.005859 -0.032227
gyro 10677 0.519084 1.068702 -4.381680
acc 10689 0.049561 -1.000732 -0.036133
gyro 10689 0.702290 1.175573 -4.290076
acc 10701 0.041992 -0.998291 -0.028076
gyro 10701 0.610687 1.312977 -4.274809
acc 10712 0.044189 -0.991455 -0.028809
gyro 10712 1.007634 1.175573 -4.381680
acc 10724 0.044434 -0.998535 -0.020752
gyro 10724 0.977099 1.053435 -4.290076
acc 10736 0.044922 -0.997314 -0.029053
gyro 10736 1.083969 1.297710 -4.229008
acc 10747 0.042236 -0.996094 -0.033936
gyro 10747 1.541985 1.007634 -4.061069
acc 10759 0.044678 -0.997803 -0.031494
gyro 10759 1.114504 1.206107 -4.305344
acc 10771 0.041504 -0.992188 -0.023926
gyro 10771 0.549618 1.038168 -4.198473
acc 10782 0.044678 -1.000488 -0.037354
gyro 10782 0.396947 1.251908 -4.274809
acc 10794 0.041260 -0.996094 -0.027100
gyro 10794 0.320611 1.190840 -4.458015
acc 10806 0.041748 -1.002441 -0.029297
gyro 10806 0.213740 1.251908 -4.183206
acc 10817 0.047119 -0.995850 -0.032959
gyro 10817 0.213740 1.206107 -4.198473
acc 10829 0.045654 -0.994873 -0.017090
gyro 10829 0.320611 1.236641 -4.503817
acc 10841 0.047119 -1.001221 -0.033936
gyro 10841 0.458015 1.251908 -4.229008
acc 10852 0.043945 -0.996338 -0.034424
gyro 10852 0.412214 1.251908 -4.274809
acc 10864 0.048584 -1.000000 -0.026123
gyro 10864 0.259542 1.206107 -4.274809
acc 10876 0.045166 -0.998047 -0.031494
gyro 10876 0.396947 1.343511 -4.458015
acc 10887 0.050049 -0.995850 -0.037842
gyro 10887 -0.106870 1.282443 -4.458015
acc 10899 0.047363 -0.999268 -0.037354
gyro 10899 0.274809 1.236641 -4.305344
acc 10911 0.040283 -0.993652 -0.029541
gyro 10911 0.290076 1.419847 -4.580153
acc 10922 0.044434 -0.996826 -0.018066
gyro 10922 0.106870 1.328244 -4.198473
acc 10934 0.040771 -0.999756 -0.019531
gyro 10934 0.244275 1.145038 -4.396946
acc 10946 0.046387 -0.998047 -0.019043
gyro 10946 0.305344 1.404580 -4.366412
acc 10957 0.045410 -0.996338 -0.036621
gyro 10957 0.381679 1.236641 -4.503817
acc 10969 0.045410 -0.998779 -0.023193
gyro 10969 0.580153 1.297710 -4.335878
acc 10981 0.042969 -0.994141 -0.023438
gyro 10981 0.396947 1.267176 -4.366412
acc 10992 0.046875 -0.999268 -0.036621
gyro 10992 0.442748 1.190840 -4.381680
acc 11004 0.047852 -0.992920 -0.022461
gyro 11004 0.610687 1.236641 -4.351145
acc 11016 0.041016 -0.996582 -0.033447
gyro 11016 0.625954 1.160305 -4.106870
acc 11027 0.041992 -0.991455 -0.021729
gyro 11027 0.793893 1.343511 -4.167939
acc 11039 0.042480 -0.997070 -0.025391
gyro 11039 0.870229 1.312977 -4.290076
acc 11051 0.040039 -0.997070 -0.025879
gyro 11051 0.732824 1.267176 -4.366412
acc 11062 0.049316 -0.995117 -0.020508
gyro 11062 0.488550 1.282443 -4.564886
acc 11074 0.046875 -0.996338 -0.029785
gyro 11074 0.122137 1.328244 -4.427481
acc 11086 0.042236 -0.999268 -0.034180
gyro 11086 0.122137 1.267176 -4.229008
acc 11097 0.041748 -1.000000 -0.030762
gyro 11097 -0.122137 1.374046 -4.305344
acc 11109 0.040283 -0.993896 -0.033691
gyro 11109 -0.229008 1.160305 -4.549618
acc 11121 0.047363 -0.995850 -0.027344
gyro 11121 -0.274809 1.419847 -4.259542
acc 11132 0.042969 -0.997559 -0.024658
gyro 11132 -0.076336 1.282443 -4.641222
acc 11144 0.046875 -0.996338 -0.029785
gyro 11144 0.473282 1.267176 -4.274809
acc 11156 0.039795 -0.991455 -0.027344
gyro 11156 0.900763 1.221374 -4.274809
acc 11167 0.040527 -0.992188 -0.035889
gyro 11167 0.671756 1.068702 -4.244275
acc 11179 0.042969 -0.992676 -0.027344
gyro 11179 0.610687 1.190840 -4.305344
acc 11191 0.048096 -1.000488 -0.022461
gyro 11191 0.244275 1.389313 -4.580153
acc 11202 0.047119 -0.993408 -0.030029
gyro 11202 0.290076 1.358779 -4.396946
acc 11214 0.038818 -0.997070 -0.030518
gyro 11214 0.503817 1.312977 -4.290076
acc 11226 0.043945 -0.998779 -0.033203
gyro 11226 0.595420 1.221374 -4.381680
acc 11237 0.043701 -0.994873 -0.029785
gyro 11237 0.778626 1.236641 -4.229008
acc 11249 0.048096 -0.992676 -0.039062
gyro 11249 1.038168 1.419847 -4.259542
acc 11261 0.047119 -0.996582 -0.029541
gyro 11261 0.793893 1.236641 -4.259542
acc 11272 0.040039 -0.998291 -0.022461
gyro 11272 0.732824 1.129771 -4.458015
acc 11284 0.041748 -0.994141 -0.020996
gyro 11284 0.641221 1.206107 -4.427481
acc 11296 0.043213 -0.997314 -0.027344
gyro 11296 0.412214 1.358779 -4.625954
acc 11307 0.050537 -0.993652 -0.022461
gyro 11307 0.641221 1.404580 -4.335878
acc 11319 0.046631 -0.995850 -0.021729
gyro 11319 -0.137405 1.450382 -4.366412
acc 11331 0.040527 -0.999756 -0.036133
gyro 11331 0.183206 1.160305 -4.366412
acc 11342 0.050781 -0.996094 -0.021973
gyro 11342 0.335878 1.312977 -4.122138
acc 11354 0.051758 -0.995361 -0.023926
gyro 11354 0.030534 1.343511 -4.305344
acc 11366 0.049316 -1.003174 -0.025635
gyro 11366 0.305344 1.282443 -4.442748
acc 11377 0.042969 -1.006104 -0.023926
gyro 11377 0.259542 1.389313 -4.534351
acc 11389 0.045654 -0.996338 -0.021240
gyro 11389 0.137405 1.160305 -4.167939
acc 11401 0.041992 -0.993164 -0.022949
gyro 11401 0.305344 1.160305 -4.259542
acc 11412 0.048828 -0.995361 -0.031494
gyro 11412 0.396947 1.343511 -4.320611
acc 11424 0.046875 -0.999512 -0.027344
gyro 11424 0.610687 1.175573 -4.274809
acc 11436 0.048096 -0.992676 -0.029785
gyro 11436 0.610687 1.114504 -4.335878
acc 11447 0.048096 -0.994141 -0.028076
gyro 11447 0.916031 1.374046 -4.259542
acc 11459 0.043457 -0.995361 -0.031006
gyro 11459 0.763359 1.175573 -4.229008
acc 11471 0.049316 -1.000000 -0.022705
gyro 11471 0.473282 1.145038 -4.442748
acc 11482 0.045898 -0.997803 -0.035889
gyro 11482 0.595420 1.312977 -4.519084
acc 11494 0.044189 -0.999756 -0.030029
gyro 11494 0.351145 1.312977 -4.198473
acc 11506 0.044678 -0.999756 -0.030273
gyro 11506 0.244275 1.374046 -4.152672
acc 11517 0.044434 -1.000488 -0.024658
gyro 11517 0.076336 1.374046 -4.351145
acc 11529 0.041016 -0.996582 -0.025146
gyro 11529 0.396947 1.312977 -4.183206
acc 11541 0.048340 -0.991211 -0.026123
gyro 11541 0.000000 1.206107 -4.076336
acc 11552 0.042969 -1.000488 -0.030273
gyro 11552 0.229008 1.435115 -4.167939
acc 11564 0.051270 -0.993652 -0.036621
gyro 11564 0.106870 1.145038 -4.366412
acc 11576 0.049561 -0.995605 -0.035889
gyro 11576 -0.137405 1.435115 -4.198473
acc 11587 0.044189 -0.996094 -0.026855
gyro 11587 0.000000 1.297710 -4.442748
acc 11599 0.050049 -0.997070 -0.033203
gyro 11599 -0.366412 1.435115 -4.595420
acc 11611 0.047119 -0.990479 -0.038330
gyro 11611 -0.213740 1.297710 -4.320611
acc 11622 0.048096 -0.996338 -0.035156
gyro 11622 -0.442748 1.312977 -4.396946
acc 11634 0.045166 -0.996094 -0.028320
gyro 11634 -0.244275 1.221374 -4.488550
acc 11646 0.046387 -0.999268 -0.023193
gyro 11646 -0.045802 1.236641 -4.427481
acc 11657 0.043213 -0.997559 -0.027344
gyro 11657 -0.503817 1.267176 -4.473282
acc 11669 0.039795 -0.996094 -0.025146
gyro 11669 0.259542 1.389313 -4.534351
acc 11681 0.044189 -0.996826 -0.038330
gyro 11681 0.274809 1.251908 -4.534351
acc 11692 0.051025 -0.999512 -0.029053
gyro 11692 0.229008 1.160305 -4.244275
acc 11704 0.038574 -1.003418 -0.034912
gyro 11704 0.595420 1.145038 -4.213740
acc 11716 0.043213 -1.002441 -0.040771
gyro 11716 0.488550 1.312977 -4.366412
acc 11727 0.046631 -1.001221 -0.027344
gyro 11727 0.732824 1.251908 -4.366412
acc 11739 0.045410 -0.999512 -0.026367
gyro 11739 0.580153 1.297710 -4.290076
acc 11751 0.043457 -0.995605 -0.034668
gyro 11751 0.305344 1.175573 -4.305344
acc 11762 0.041748 -0.996338 -0.028320
gyro 11762 0.580153 1.236641 -4.015267
acc 11774 0.046143 -0.999756 -0.031250
gyro 11774 0.625954 1.282443 -4.213740
acc 11786 0.039062 -0.998047 -0.028564
gyro 11786 0.778626 1.190840 -4.335878
acc 11797 0.047363 -0.998291 -0.024170
gyro 11797 0.625954 1.145038 -4.335878
acc 11809 0.046387 -0.996094 -0.031494
gyro 11809 0.442748 1.145038 -4.183206
acc 11821 0.052979 -1.002686 -0.026367
gyro 11821 0.076336 1.175573 -4.412214
acc 11832 0.044189 -0.994141 -0.027832
gyro 11832 0.091603 1.343511 -4.396946
acc 11844 0.046143 -0.996826 -0.025146
gyro 11844 0.015267 1.297710 -4.366412
acc 11856 0.045898 -1.000732 -0.030518
gyro 11856 -0.076336 1.419847 -4.091603
acc 11867 0.041992 -0.997070 -0.024902
gyro 11867 -0.244275 1.389313 -4.458015
acc 11879 0.047852 -0.993896 -0.034180
gyro 11879 0.534351 1.160305 -4.122138
acc 11891 0.040283 -0.991455 -0.027588
gyro 11891 0.396947 1.358779 -4.427481
acc 11902 0.045166 -0.992676 -0.024414
gyro 11902 0.656489 1.206107 -4.305344
acc 11914 0.039307 -0.994385 -0.020996
gyro 11914 0.610687 1.328244 -4.244275
acc 11926 0.051758 -0.996582 -0.035156
gyro 11926 0.564885 1.267176 -4.152672
acc 11937 0.045166 -0.999512 -0.037354
gyro 11937 0.366412 1.374046 -4.427481
acc 11949 0.043457 -0.991211 -0.030518
gyro 11949 0.290076 1.312977 -4.381680
acc 11961 0.052246 -0.990234 -0.036133
gyro 11961 0.351145 1.236641 -4.290076
acc 11972 0.047852 -0.997803 -0.025146
gyro 11972 0.732824 1.236641 -4.259542
acc 11984 0.045654 -0.996338 -0.024170
gyro 11984 0.580153 1.190840 -4.305344
acc 11996 0.040527 -1.000977 -0.036865
gyro 11996 0.473282 1.297710 -4.290076
acc 12007 0.042480 -0.996826 -0.035645
gyro 12007 0.366412 1.175573 -4.198473
acc 12019 0.047852 -0.997803 -0.031982
gyro 12019 0.366412 1.236641 -4.366412
acc 12031 0.039551 -1.000488 -0.023926
gyro 12031 0.473282 1.190840 -4.229008
acc 12042 0.040283 -0.997559 -0.032959
gyro 12042 0.244275 1.328244 -4.320611
acc 12054 0.041992 -0.998535 -0.021973
gyro 12054 0.244275 1.236641 -4.335878
acc 12066 0.043701 -1.003174 -0.032227
gyro 12066 0.442748 1.251908 -4.534351
acc 12077 0.045654 -0.997559 -0.026855
gyro 12077 0.458015 1.374046 -4.167939
acc 12089 0.043945 -0.998291 -0.039062
gyro 12089 0.167939 1.496183 -4.351145
acc 12101 0.042725 -1.004639 -0.014160
gyro 12101 0.290076 1.511450 -4.091603
acc 12112 0.045898 -0.994629 -0.027832
gyro 12112 0.091603 0.931298 -4.167939
acc 12124 0.042480 -0.995850 -0.024414
gyro 12124 0.122137 1.190840 -4.259542
acc 12136 0.045654 -0.996582 -0.024902
gyro 12136 0.167939 1.358779 -4.320611
acc 12147 0.043457 -0.996094 -0.038086
gyro 12147 0.351145 1.221374 -4.167939
acc 12159 0.042480 -0.999268 -0.031738
gyro 12159 0.580153 1.190840 -4.473282
acc 12171 0.045654 -0.994629 -0.033936
gyro 12171 0.381679 1.129771 -4.335878
acc 12182 0.038086 -0.998291 -0.029053
gyro 12182 0.335878 1.160305 -4.473282
acc 12194 0.048096 -0.991211 -0.024902
gyro 12194 0.274809 1.236641 -4.473282
acc 12206 0.046631 -0.995605 -0.026123
gyro 12206 0.351145 1.236641 -4.305344
acc 12217 0.041992 -0.999512 -0.027832
gyro 12217 0.534351 1.435115 -4.488550
acc 12229 0.046875 -0.998047 -0.036621
gyro 12229 0.625954 1.312977 -4.351145
acc 12241 0.045166 -0.998291 -0.034424
gyro 12241 0.702290 0.992366 -4.183206
acc 12252 0.042725 -1.001221 -0.030762
gyro 12252 0.534351 1.160305 -4.305344
acc 12264 0.046143 -0.991699 -0.036133
gyro 12264 0.137405 1.328244 -4.213740
acc 12276 0.046143 -0.996826 -0.033447
gyro 12276 -0.015267 1.374046 -4.290076
acc 12287 0.045654 -0.999756 -0.038818
gyro 12287 0.106870 1.312977 -4.412214
acc 12299 0.047852 -0.997070 -0.031250
gyro 12299 -0.229008 1.328244 -4.396946
acc 12311 0.044922 -0.993896 -0.023438
gyro 12311 -0.366412 1.251908 -4.488550
acc 12322 0.045410 -1.002197 -0.031250
gyro 12322 -0.473282 1.404580 -4.687023
acc 12334 0.045654 -1.004639 -0.035889
gyro 12334 -0.091603 1.282443 -4.625954
acc 12346 0.045410 -0.994385 -0.034424
gyro 12346 0.015267 1.129771 -4.290076
acc 12357 0.047852 -0.996338 -0.035156
gyro 12357 0.259542 1.114504 -4.198473
acc 12369 0.048584 -0.995361 -0.039062
gyro 12369 0.442748 1.190840 -4.335878
acc 12381 0.041016 -0.990723 -0.019531
gyro 12381 0.320611 1.114504 -4.229008
acc 12392 0.049561 -0.998535 -0.031006
gyro 12392 0.503817 1.099237 -4.412214
acc 12404 0.045166 -0.995850 -0.034180
gyro 12404 0.702290 1.129771 -4.320611
acc 12416 0.041748 -0.994629 -0.032715
gyro 12416 0.671756 1.282443 -4.122138
acc 12427 0.043945 -0.997314 -0.032715
gyro 12427 0.656489 1.038168 -4.396946
acc 12439 0.051025 -0.993652 -0.027344
gyro 12439 0.625954 1.206107 -4.427481
acc 12451 0.047119 -1.000244 -0.037842
gyro 12451 0.641221 1.160305 -4.290076
acc 12462 0.047363 -0.992432 -0.031738
gyro 12462 0.458015 1.175573 -4.290076
acc 12474 0.041748 -0.998535 -0.038330
gyro 12474 0.167939 1.328244 -4.351145
acc 12486 0.044434 -1.000244 -0.032715
gyro 12486 0.671756 1.251908 -4.152672
acc 12497 0.046387 -0.995117 -0.023682
gyro 12497 0.442748 1.328244 -4.183206
acc 12509 0.045166 -0.991455 -0.032959
gyro 12509 0.473282 1.312977 -4.320611
acc 12521 0.043701 -0.998291 -0.039551
gyro 12521 0.137405 1.496183 -4.290076
acc 12532 0.039062 -0.992676 -0.028564
gyro 12532 -0.335878 1.389313 -4.396946
acc 12544 0.041260 -0.998291 -0.022461
gyro 12544 -0.229008 1.328244 -4.564886
acc 12555 0.040527 -0.996582 -0.032471
gyro 12555 0.152672 1.419847 -4.412214
acc 12567 0.052734 -0.994629 -0.033691
gyro 12567 0.045802 1.435115 -4.473282
acc 12579 0.041504 -0.997559 -0.020264
gyro 12579 0.152672 1.251908 -4.259542
acc 12590 0.042236 -1.000977 -0.037354
gyro 12590 0.167939 1.297710 -4.442748
acc 12602 0.046875 -0.992676 -0.045410
gyro 12602 0.396947 1.282443 -4.564886
acc 12614 0.042969 -0.995850 -0.035156
gyro 12614 0.061069 1.129771 -4.473282
acc 12625 0.048096 -0.998535 -0.037109
gyro 12625 0.564885 1.160305 -4.381680
acc 12637 0.038818 -0.988525 -0.029297
gyro 12637 0.595420 1.312977 -4.351145
acc 12649 0.046875 -0.989746 -0.031006
gyro 12649 0.809160 1.038168 -4.290076
acc 12660 0.043213 -0.994873 -0.035156
gyro 12660 0.824427 1.282443 -4.305344
acc 12672 0.044922 -0.995850 -0.018799
gyro 12672 0.519084 1.206107 -4.290076
acc 12684 0.044434 -0.995117 -0.034912
gyro 12684 0.595420 1.465649 -4.305344
acc 12695 0.041260 -1.000244 -0.036621
gyro 12695 0.229008 1.328244 -4.274809
acc 12707 0.042725 -1.002930 -0.034180
gyro 12707 0.671756 1.450382 -4.167939
acc 12719 0.047363 -0.999512 -0.033447
gyro 12719 0.763359 1.267176 -4.290076
acc 12731 0.043457 -0.997559 -0.032959
gyro 12731 0.610687 1.282443 -4.442748
acc 12742 0.041992 -0.991699 -0.028564
gyro 12742 0.625954 1.221374 -4.274809
acc 12754 0.043213 -0.995605 -0.017822
gyro 12754 0.229008 1.190840 -4.519084
acc 12766 0.044922 -0.998291 -0.026611
gyro 12766 0.000000 1.404580 -4.183206
acc 12777 0.040771 -1.004395 -0.034912
gyro 12777 0.000000 1.374046 -4.335878
acc 12789 0.039551 -0.998535 -0.026367
gyro 12789 -0.137405 1.251908 -4.335878
acc 12801 0.045654 -1.001221 -0.045410
gyro 12801 0.259542 1.435115 -4.381680
acc 12812 0.043945 -1.000488 -0.035889
gyro 12812 0.473282 1.221374 -4.305344
acc 12824 0.049805 -1.002197 -0.031738
gyro 12824 0.671756 1.267176 -4.320611
acc 12836 0.045166 -0.996338 -0.038086
gyro 12836 0.671756 1.297710 -4.259542
acc 12847 0.039062 -0.990479 -0.027588
gyro 12847 0.656489 1.328244 -4.396946
acc 12859 0.046387 -0.994141 -0.039062
gyro 12859 0.427481 1.129771 -4.244275
acc 12871 0.042969 -0.996338 -0.030273
gyro 12871 0.442748 1.435115 -4.427481
acc 12882 0.045166 -0.996338 -0.034424
gyro 12882 0.061069 1.419847 -4.503817
acc 12894 0.042969 -0.997314 -0.027344
gyro 12894 0.351145 1.328244 -4.366412
acc 12906 0.045654 -0.998535 -0.023682
gyro 12906 0.458015 1.190840 -4.412214
acc 12917 0.048584 -0.995117 -0.035889
gyro 12917 0.748092 1.145038 -4.381680
acc 12929 0.044678 -0.989258 -0.029541
gyro 12929 0.702290 1.236641 -4.351145
acc 12941 0.043701 -0.995117 -0.025391
gyro 12941 0.274809 1.297710 -4.183206
acc 12952 0.052490 -0.994629 -0.025635
gyro 12952 0.335878 1.267176 -4.427481
acc 12964 0.047852 -0.996094 -0.031738
gyro 12964 0.183206 1.221374 -4.351145
acc 12976 0.045654 -0.996338 -0.037109
gyro 12976 0.366412 1.328244 -4.534351
acc 12987 0.050049 -0.998291 -0.026367
gyro 12987 0.274809 1.175573 -4.488550
acc 12999 0.044189 -0.998535 -0.043213
gyro 12999 0.534351 1.450382 -4.335878
acc 13011 0.044189 -0.989502 -0.034180
gyro 13011 0.229008 1.297710 -4.274809
acc 13022 0.047607 -0.993164 -0.037598
gyro 13022 0.656489 1.145038 -4.473282
acc 13034 0.041260 -0.992920 -0.045166
gyro 13034 0.045802 1.282443 -4.442748
acc 13046 0.045898 -1.000488 -0.033691
gyro 13046 -0.167939 1.419847 -4.610687
acc 13057 0.049561 -1.001221 -0.029541
gyro 13057 -0.122137 1.374046 -4.427481
acc 13069 0.047852 -0.999023 -0.026855
gyro 13069 -0.290076 1.328244 -4.427481
acc 13081 0.043213 -0.994629 -0.039307
gyro 13081 -0.229008 1.251908 -4.396946
acc 13092 0.045410 -1.003174 -0.031982
gyro 13092 0.305344 1.160305 -4.427481
acc 13104 0.054932 -0.995850 -0.033936
gyro 13104 0.015267 1.251908 -4.442748
acc 13116 0.043213 -0.989258 -0.030518
gyro 13116 0.305344 1.282443 -4.519084
acc 13127 0.041504 -1.005371 -0.037109
gyro 13127 0.427481 1.129771 -4.244275
acc 13139 0.045898 -0.993896 -0.031006
gyro 13139 0.488550 1.160305 -4.412214
acc 13151 0.036865 -0.996826 -0.033691
gyro 13151 0.458015 1.145038 -4.351145
acc 13162 0.042725 -0.995117 -0.026611
gyro 13162 0.610687 1.267176 -4.320611
acc 13174 0.050293 -0.995850 -0.033691
gyro 13174 0.595420 1.221374 -4.213740
acc 13186 0.048096 -1.000977 -0.035156
gyro 13186 0.396947 1.435115 -4.335878
acc 13197 0.043213 -0.995117 -0.032471
gyro 13197 0.335878 1.419847 -4.351145
acc 13209 0.044189 -1.000488 -0.048340
gyro 13209 0.366412 1.129771 -4.366412
acc 13221 0.030273 -0.999268 -0.037842
gyro 13221 0.122137 0.961832 -4.305344
acc 13232 0.047852 -0.997559 -0.040527
gyro 13232 0.335878 1.221374 -4.458015
acc 13244 0.043701 -1.003906 -0.034424
gyro 13244 0.427481 1.099237 -4.473282
acc 13256 0.052246 -1.001709 -0.038818
gyro 13256 0.244275 1.496183 -4.488550
acc 13267 0.045654 -0.992188 -0.030029
gyro 13267 0.381679 1.083969 -4.320611
acc 13279 0.044678 -0.995605 -0.026123
gyro 13279 0.412214 1.251908 -4.641222
acc 13291 0.043945 -0.998535 -0.031494
gyro 13291 0.427481 1.206107 -4.351145
acc 13302 0.040527 -0.995361 -0.027344
gyro 13302 0.687023 1.190840 -4.244275
acc 13314 0.040283 -0.997559 -0.030518
gyro 13314 0.916031 1.145038 -4.213740
acc 13326 0.037598 -0.999023 -0.031738
gyro 13326 1.038168 1.007634 -4.183206
acc 13337 0.041260 -0.996094 -0.033691
gyro 13337 1.068702 1.236641 -4.396946
acc 13349 0.045898 -1.000488 -0.021729
gyro 13349 0.900763 1.190840 -4.381680
acc 13361 0.041748 -0.997314 -0.026123
gyro 13361 0.534351 1.206107 -4.335878
acc 13372 0.041992 -0.997314 -0.034912
gyro 13372 0.473282 1.206107 -4.412214
acc 13384 0.045654 -0.997070 -0.033936
gyro 13384 0.595420 1.297710 -4.549618
acc 13396 0.043213 -0.996582 -0.031006
gyro 13396 0.564885 1.312977 -4.396946
acc 13407 0.046387 -0.998047 -0.033691
gyro 13407 0.625954 1.190840 -4.320611
acc 13419 0.052490 -1.001221 -0.030762
gyro 13419 0.885496 1.129771 -4.274809
acc 13431 0.048828 -0.995117 -0.026855
gyro 13431 0.229008 1.114504 -4.366412
acc 13442 0.045898 -0.995361 -0.028564
gyro 13442 0.351145 1.190840 -4.412214
acc 13454 0.042969 -1.000244 -0.022217
gyro 13454 0.244275 1.572519 -4.503817
acc 13466 0.049316 -0.997314 -0.018311
gyro 13466 0.381679 1.099237 -4.473282
acc 13477 0.044189 -0.997070 -0.041504
gyro 13477 0.717557 1.282443 -4.335878
acc 13489 0.045654 -0.992188 -0.027100
gyro 13489 0.992366 1.083969 -4.488550
acc 13501 0.046875 -0.996338 -0.031006
gyro 13501 0.977099 1.236641 -4.198473
acc 13512 0.042480 -0.996582 -0.033447
gyro 13512 0.809160 0.931298 -4.106870
acc 13524 0.043945 -0.992920 -0.033936
gyro 13524 0.839695 1.083969 -4.335878
acc 13536 0.040283 -1.002441 -0.025146
gyro 13536 0.702290 1.190840 -4.503817
acc 13547 0.044189 -0.995117 -0.024170
gyro 13547 0.213740 1.038168 -4.396946
acc 13559 0.045898 -0.995850 -0.036133
gyro 13559 0.503817 1.251908 -4.488550
acc 13571 0.043945 -1.002930 -0.033447
gyro 13571 0.564885 1.221374 -4.427481
acc 13582 0.046143 -0.997070 -0.030029
gyro 13582 0.396947 1.312977 -4.320611
acc 13594 0.040527 -0.999756 -0.032227
gyro 13594 0.106870 1.282443 -4.396946
acc 13606 0.039307 -0.992432 -0.029053
gyro 13606 0.274809 1.297710 -4.183206
acc 13617 0.047363 -0.997803 -0.031982
gyro 13617 -0.137405 1.343511 -4.564886
acc 13629 0.049072 -0.993652 -0.020020
gyro 13629 -0.366412 1.328244 -4.610687
acc 13641 0.044678 -0.993652 -0.028320
gyro 13641 -0.503817 1.312977 -4.595420
acc 13652 0.052979 -1.001953 -0.024658
gyro 13652 -0.748092 1.511450 -4.549618
acc 13664 0.042725 -0.996338 -0.040283
gyro 13664 -0.442748 1.450382 -4.503817
acc 13676 0.045654 -0.994629 -0.044678
gyro 13676 -0.152672 1.312977 -4.473282
acc 13687 0.044678 -0.992676 -0.024414
gyro 13687 0.427481 1.221374 -4.152672
acc 13699 0.048340 -0.997314 -0.035889
gyro 13699 0.564885 0.900763 -4.244275
acc 13711 0.045654 -0.995117 -0.025391
gyro 13711 1.160305 1.267176 -4.351145
acc 13722 0.042236 -0.993896 -0.033936
gyro 13722 1.083969 1.114504 -4.335878
acc 13734 0.053711 -0.997070 -0.031250
gyro 13734 0.824427 1.251908 -4.320611
acc 13746 0.048584 -0.996338 -0.028320
gyro 13746 0.580153 1.206107 -4.122138
