1061 0.038086 1.009521 -0.029785
1073 0.035889 1.006348 -0.024902
1084 0.042969 1.002930 -0.031250
1096 0.041504 1.000488 -0.032959
1108 0.039307 1.006836 -0.031738
1120 0.044189 1.006348 -0.028320
1132 0.033203 1.005371 -0.027100
1144 0.034668 1.007080 -0.033447
1155 0.039062 1.007324 -0.022461
1167 0.048828 1.001953 -0.044434
1179 0.039307 1.009033 -0.028320
1191 0.039551 1.005615 -0.026367
1203 0.038818 1.004883 -0.044189
1215 0.045166 1.005127 -0.042236
1226 0.036133 1.000244 -0.031006
1238 0.034912 1.001953 -0.032227
1250 0.040527 1.007568 -0.037354
1262 0.036377 1.005615 -0.018311
1274 0.035156 1.007080 -0.029541
1286 0.037598 1.006104 -0.031250
1297 0.040527 1.003418 -0.023193
1309 0.040283 1.001953 -0.025879
1321 0.038330 0.999756 -0.025635
1333 0.032227 1.006104 -0.032715
1345 0.041992 1.004639 -0.027832
1357 0.045410 1.004395 -0.025146
1368 0.039551 1.008057 -0.025635
1380 0.042480 1.006104 -0.036865
1392 0.037598 1.006592 -0.041260
1404 0.039062 1.009521 -0.037109
1416 0.041260 1.004639 -0.024658
1428 0.038330 1.010986 -0.038086
1439 0.030273 1.003662 -0.027832
1451 0.035156 1.006104 -0.039307
1463 0.038086 1.003662 -0.027832
1475 0.035645 1.007080 -0.028320
1487 0.042725 1.016846 -0.030273
1499 0.039307 1.009277 -0.033203
1510 0.047119 1.003662 -0.019775
1522 0.040283 1.008789 -0.027832
1534 0.037842 1.006836 -0.024170
1546 0.030029 1.004639 -0.031250
1558 0.038330 1.010742 -0.033203
1570 0.034912 1.000488 -0.037842
1581 0.033691 1.004883 -0.028076
1593 0.042480 1.004883 -0.027832
1605 0.040283 1.005615 -0.037354
1617 0.041260 1.008301 -0.030029
1629 0.038818 1.010254 -0.029053
1641 0.044434 1.005371 -0.030762
1652 0.042969 1.006348 -0.023438
1664 0.041992 1.008545 -0.027100
1676 0.043213 1.009277 -0.035889
1688 0.040771 1.007812 -0.024170
1700 0.035156 1.007080 -0.040283
1712 0.037354 1.004639 -0.029053
1723 0.042236 1.001953 -0.031250
1735 0.043213 1.001221 -0.029541
1747 0.039307 1.000732 -0.027344
1759 0.035889 1.009277 -0.032715
1771 0.040527 1.008057 -0.022461
1783 0.035156 1.002930 -0.032471
1794 0.043213 1.012451 -0.031738
1806 0.037354 1.010498 -0.042480
1818 0.037842 1.003418 -0.038574
1830 0.034912 0.999268 -0.034912
1842 0.043457 0.998779 -0.034424
1854 0.040039 1.006348 -0.031250
1865 0.041992 1.004395 -0.036621
1877 0.033447 1.003418 -0.026123
1889 0.036621 1.006348 -0.032227
1901 0.041748 1.005371 -0.035645
1913 0.037109 1.006104 -0.030518
1925 0.041504 1.002930 -0.024658
1936 0.047852 1.002197 -0.035889
1948 0.043213 1.004883 -0.033936
1960 0.036621 1.006836 -0.037842
1972 0.042480 1.006592 -0.030029
1984 0.035156 1.008545 -0.033936
1996 0.044434 1.010010 -0.025635
2008 0.036133 1.007812 -0.025391
2019 0.040771 1.005127 -0.035156
2031 0.038818 1.013672 -0.023193
2043 0.032227 1.004639 -0.026855
2055 0.039307 1.004150 -0.035645
2067 0.033447 1.005371 -0.031250
2079 0.041748 1.005615 -0.043701
2090 0.042969 1.002930 -0.034424
2102 0.035400 0.999512 -0.035400
2114 0.039307 1.007812 -0.034912
2126 0.039795 1.010010 -0.037109
2138 0.034424 1.009033 -0.038086
2150 0.040771 1.011230 -0.033691
2161 0.032959 1.009766 -0.036133
2173 0.041748 1.009766 -0.033691
2185 0.039307 1.007080 -0.044922
2197 0.040283 1.009277 -0.033203
2209 0.035889 1.011230 -0.031006
2221 0.044922 1.006836 -0.016357
2232 0.041260 1.006104 -0.021240
2244 0.040527 1.004395 -0.042725
2256 0.038086 1.006104 -0.028564
2268 0.041992 1.000244 -0.037354
2280 0.039551 1.006104 -0.020752
2292 0.036621 0.999268 -0.035400
2303 0.043701 1.007080 -0.022217
2315 0.038330 1.007324 -0.032715
2327 0.035156 1.008789 -0.030029
2339 0.039795 1.000244 -0.036133
2351 0.038818 1.002686 -0.031006
2363 0.038818 1.003662 -0.036377
2374 0.029297 1.006104 -0.040283
2386 0.038818 1.006348 -0.030518
2398 0.041504 1.005371 -0.025146
2410 0.042236 1.008301 -0.034912
2422 0.037598 1.003418 -0.034668
2434 0.043457 1.007812 -0.026855
2445 0.035889 1.005371 -0.035156
2457 0.037842 1.002930 -0.029541
2469 0.041016 1.002197 -0.030762
2481 0.034180 1.001465 -0.029053
2493 0.040527 1.000000 -0.030029
2505 0.040283 1.005615 -0.032227
2516 0.036621 1.006348 -0.032471
2528 0.039795 1.007324 -0.033203
2540 0.042236 1.005127 -0.026367
2552 0.038574 1.008057 -0.034424
2564 0.038574 1.005127 -0.034424
2576 0.034180 1.006836 -0.036377
2587 0.040283 1.006348 -0.036621
2599 0.038330 1.001953 -0.026611
2611 0.033936 0.999756 -0.029053
2623 0.046631 1.009277 -0.027344
2635 0.034912 1.001221 -0.026611
2647 0.036377 1.006592 -0.026855
2658 0.035645 1.005371 -0.038330
2670 0.045166 0.999268 -0.030762
2682 0.043701 1.012207 -0.031982
2694 0.042969 1.002197 -0.045410
2706 0.039795 1.004639 -0.014404
2718 0.042236 1.000488 -0.032227
2730 0.037598 1.005371 -0.025391
2741 0.038330 1.002930 -0.034424
2753 0.038330 1.009277 -0.021240
2765 0.034912 1.006836 -0.033691
2777 0.040039 1.003662 -0.032715
2789 0.037598 1.004395 -0.030518
2801 0.040283 1.005615 -0.028564
2812 0.042480 1.004639 -0.037354
2824 0.040771 1.005371 -0.032471
2836 0.045898 1.001709 -0.038086
2848 0.040527 1.005371 -0.028320
2860 0.040039 1.007568 -0.030762
2872 0.039062 1.006592 -0.033203
2883 0.038574 1.000000 -0.022461
2895 0.042725 1.003418 -0.041504
2907 0.044922 1.005859 -0.032227
2919 0.038330 1.008789 -0.029785
2931 0.043457 1.008545 -0.038574
2943 0.036133 1.007080 -0.026855
2954 0.046143 1.007568 -0.026855
2966 0.042969 1.002930 -0.034912
2978 0.037842 1.002686 -0.033203
2990 0.037598 1.004395 -0.031006
3002 0.039551 1.007324 -0.027344
3014 0.041260 1.003662 -0.037842
3025 0.040527 1.003662 -0.028076
3037 0.040527 1.006592 -0.019287
3049 0.044434 1.005615 -0.026367
3061 0.038086 1.003174 -0.029541
3073 0.041748 1.008301 -0.030518
3085 0.036865 1.003662 -0.035400
3096 0.041260 1.001709 -0.032471
3108 0.036377 1.003662 -0.038086
3120 0.040771 1.006348 -0.031250
3132 0.042725 1.001709 -0.038574
3144 0.037598 1.013672 -0.032715
3156 0.039062 1.001465 -0.029297
3167 0.034668 1.003174 -0.025635
3179 0.041260 1.007812 -0.034912
3191 0.041992 1.005859 -0.031250
3203 0.042480 1.007568 -0.036621
3215 0.039551 1.003418 -0.030029
3227 0.037109 1.000977 -0.027100
3238 0.043457 1.000977 -0.034180
3250 0.040771 1.001709 -0.038086
3262 0.042480 1.002686 -0.033936
3274 0.035156 1.008301 -0.039307
3286 0.039795 1.002197 -0.031250
3298 0.036377 1.006836 -0.031982
3309 0.040283 1.003662 -0.038818
3321 0.042236 0.999023 -0.033203
3333 0.045410 1.008545 -0.021729
3345 0.037842 1.002930 -0.026855
3357 0.037354 1.004150 -0.029541
3369 0.032959 1.007812 -0.030762
3380 0.040039 1.002441 -0.032715
3392 0.040039 1.009766 -0.035400
3404 0.037598 1.008057 -0.029053
3416 0.039795 1.004395 -0.038330
3428 0.038818 1.005371 -0.033447
3440 0.038818 1.007812 -0.015137
3451 0.043945 1.008301 -0.037354
3463 0.041016 0.999023 -0.025879
3475 0.039307 1.010986 -0.030518
3487 0.045166 1.007812 -0.026123
3499 0.037598 1.000000 -0.023926
3511 0.038330 1.009766 -0.026367
3522 0.039062 1.010498 -0.026367
3534 0.034180 1.003662 -0.023193
3546 0.038086 1.004639 -0.031006
3558 0.036377 1.004395 -0.032227
3570 0.044434 1.005371 -0.027832
3582 0.042480 1.006104 -0.028564
3593 0.042480 1.007080 -0.029541
3605 0.035889 1.009521 -0.035645
3617 0.039307 1.005371 -0.030518
3629 0.033203 1.003662 -0.031250
3641 0.040039 1.011719 -0.031006
3653 0.035400 1.006104 -0.036377
3664 0.039307 1.007080 -0.033447
3676 0.035156 1.005371 -0.031738
3688 0.040527 1.008545 -0.029297
3700 0.040283 1.002930 -0.032959
3712 0.037598 1.004150 -0.031250
3724 0.034912 1.007324 -0.037354
3735 0.043945 1.009766 -0.023926
3747 0.037842 1.006592 -0.031494
3759 0.038818 1.002686 -0.026367
3771 0.036377 1.009766 -0.030029
3783 0.038086 1.014160 -0.033936
3795 0.035889 1.007568 -0.035889
3806 0.040283 1.002686 -0.036621
3818 0.034424 1.003662 -0.031738
3830 0.042725 1.008545 -0.027588
3842 0.043945 1.006592 -0.033691
3854 0.038086 1.004883 -0.039551
3866 0.041748 1.004395 -0.030029
3877 0.040527 1.003906 -0.026855
3889 0.041016 1.007568 -0.036865
3901 0.034424 1.009277 -0.033936
3913 0.034180 1.006104 -0.042725
3925 0.046143 1.010498 -0.033936
3937 0.039062 1.006104 -0.015869
3948 0.039795 1.004395 -0.035645
3960 0.040283 1.002930 -0.042969
3972 0.040771 1.005615 -0.027588
3984 0.040527 1.002930 -0.030273
3996 0.040283 1.000488 -0.027344
4008 0.038818 1.009033 -0.027344
4020 0.040771 1.004883 -0.027344
4031 0.039795 1.001221 -0.028564
4043 0.034424 0.998779 -0.031982
4055 0.035156 1.010986 -0.021973
4067 0.034424 1.003662 -0.039307
4079 0.039062 1.004639 -0.029053
4091 0.045166 1.001953 -0.036133
4102 0.039551 1.006104 -0.031494
4114 0.041260 1.005615 -0.031738
4126 0.039795 0.993896 -0.036377
4138 0.036133 1.007080 -0.025635
4150 0.031494 1.002930 -0.028320
4162 0.034424 1.005615 -0.031738
4173 0.035645 1.010010 -0.029053
4185 0.035400 1.012695 -0.033203
4197 0.046387 1.009521 -0.027344
4209 0.043457 1.003418 -0.024658
4221 0.043457 1.003906 -0.037109
4233 0.037109 1.001221 -0.028564
4244 0.047852 1.004639 -0.020508
4256 0.035889 1.006348 -0.028809
4268 0.036377 1.005371 -0.034180
4280 0.040771 1.004395 -0.041016
4292 0.030762 1.002930 -0.029053
4304 0.041504 0.995117 -0.026855
4315 0.040039 1.000732 -0.026123
4327 0.041260 1.006836 -0.037842
4339 0.041748 1.004639 -0.031250
4351 0.044189 1.001709 -0.033936
4363 0.041016 1.007080 -0.021240
4375 0.035889 1.008301 -0.030518
4386 0.045898 1.009277 -0.025146
4398 0.035400 1.005127 -0.034668
4410 0.042725 1.008545 -0.035156
4422 0.038818 1.000977 -0.032227
4434 0.043701 1.005615 -0.031250
4446 0.042969 1.004883 -0.034180
4457 0.041016 1.008301 -0.022949
4469 0.039062 1.000000 -0.034668
4481 0.037842 1.005615 -0.034424
4493 0.034668 1.010498 -0.027344
4505 0.035645 1.006836 -0.028564
4517 0.038330 0.999268 -0.032227
4528 0.042725 1.004395 -0.019287
4540 0.035156 1.004883 -0.032471
4552 0.048096 1.000977 -0.033447
4564 0.035400 1.005615 -0.036133
4576 0.039062 1.008301 -0.035156
4588 0.038086 1.006104 -0.026367
4600 0.039062 1.006592 -0.022217
4611 0.035400 1.004395 -0.037354
4623 0.036621 1.010986 -0.029541
4635 0.037109 1.011230 -0.032227
4647 0.048584 1.004395 -0.033203
4659 0.040527 1.009033 -0.035156
4671 0.037598 1.000732 -0.033203
4682 0.034912 1.011475 -0.034668
4694 0.035889 1.005859 -0.024170
4706 0.041504 1.001953 -0.029785
4718 0.042969 1.008301 -0.027832
4730 0.040283 1.009521 -0.038330
4742 0.042969 1.008789 -0.025879
4753 0.041992 1.001953 -0.028320
4765 0.038086 1.011230 -0.026123
4777 0.042480 1.002441 -0.029785
4789 0.036377 1.003906 -0.030518
4801 0.039307 1.008545 -0.029053
4813 0.037109 1.005127 -0.028076
4824 0.038818 1.003418 -0.032227
4836 0.043213 1.005371 -0.036133
4848 0.036621 1.006592 -0.026611
4860 0.042480 1.001709 -0.032715
4872 0.040527 1.008057 -0.024902
4884 0.035400 1.006104 -0.034668
4895 0.043213 1.004150 -0.036621
4907 0.034912 1.009277 -0.035645
4919 0.038086 1.000732 -0.033691
4931 0.034424 1.008301 -0.028564
4943 0.045166 1.003662 -0.040283
4955 0.041992 1.010498 -0.029053
4966 0.043701 1.003174 -0.030762
4978 0.036621 1.006348 -0.036865
4990 0.035889 1.007812 -0.039307
5002 0.037354 1.005615 -0.031738
5014 0.039062 1.007568 -0.035400
5026 0.033936 1.006104 -0.044922
5037 0.041748 1.003174 -0.034424
5049 0.043213 1.004150 -0.033203
5061 0.036133 1.007568 -0.031494
5073 0.041992 1.003174 -0.024170
5085 0.041260 1.001709 -0.033447
5097 0.039307 1.004639 -0.035889
5108 0.039062 1.004639 -0.031494
5120 0.036621 1.005859 -0.027344
5132 0.041992 1.006348 -0.036865
5144 0.042969 1.003174 -0.025146
5156 0.044922 1.003418 -0.032227
5168 0.039795 1.000488 -0.031494
5179 0.039062 1.002686 -0.039307
5191 0.038818 0.998779 -0.028564
5203 0.034424 1.010010 -0.035156
5215 0.036865 1.001221 -0.028564
5227 0.040039 1.004395 -0.023438
5239 0.040283 1.004883 -0.028320
5250 0.039795 1.008301 -0.033447
5262 0.039795 1.005615 -0.030273
5274 0.043701 0.999756 -0.037354
5286 0.042969 1.004395 -0.024170
5298 0.035400 1.003174 -0.036133
5310 0.036865 1.004883 -0.033936
5321 0.035889 1.008057 -0.031494
5333 0.039551 1.001953 -0.030029
5345 0.046631 1.003906 -0.026123
5357 0.040527 1.007080 -0.022461
5369 0.042725 1.004395 -0.026611
5381 0.034180 1.004639 -0.033447
5392 0.038086 1.000732 -0.029053
5404 0.037354 1.006348 -0.034912
5416 0.041016 1.004883 -0.032959
5428 0.039062 1.000244 -0.038574
5440 0.033203 1.009277 -0.031250
5452 0.034668 1.004639 -0.031006
5463 0.036133 1.006836 -0.034912
5475 0.047119 1.005615 -0.025391
5487 0.038818 1.004150 -0.035645
5499 0.040283 1.008057 -0.026367
5511 0.033936 1.004639 -0.034180
5523 0.044678 1.005371 -0.019775
5534 0.032959 1.009277 -0.034424
5546 0.034668 1.009521 -0.040771
5558 0.037598 1.005615 -0.033936
5570 0.038818 1.003906 -0.023682
5582 0.034668 1.002686 -0.031494
5594 0.041748 1.002686 -0.026855
5605 0.045898 1.006104 -0.025879
5617 0.037109 1.004395 -0.031738
5629 0.040283 1.005859 -0.036377
5641 0.046875 1.010010 -0.038574
5653 0.039062 1.008545 -0.031494
5665 0.042236 1.004395 -0.034180
5676 0.041016 1.005127 -0.025879
5688 0.034912 1.003174 -0.034668
5700 0.045898 0.999512 -0.029297
5712 0.032227 1.001709 -0.033447
5724 0.036377 0.998291 -0.033936
5736 0.034912 1.006836 -0.038818
5747 0.042480 1.008545 -0.031738
5759 0.034912 1.002930 -0.034668
5771 0.048096 1.005859 -0.039307
5783 0.044434 1.005859 -0.024414
5795 0.040527 1.004883 -0.033691
5807 0.045166 1.002197 -0.028320
5818 0.034180 1.007812 -0.025635
5830 0.035400 1.005615 -0.026123
5842 0.038086 1.002930 -0.026123
5854 0.036377 0.997070 -0.031982
5866 0.044922 1.006592 -0.036133
5878 0.047607 0.999756 -0.027100
5889 0.031494 1.000244 -0.016113
5901 0.040283 1.014893 -0.027588
5913 0.038574 1.005127 -0.031494
5925 0.042725 1.003662 -0.031006
5937 0.038330 1.004883 -0.035400
5949 0.032959 1.004883 -0.037842
5960 0.041260 1.011963 -0.026367
5972 0.038574 1.002441 -0.039307
5984 0.038330 1.005859 -0.027344
5996 0.044678 1.002930 -0.025879
6008 0.041260 1.004150 -0.021729
6020 0.043945 1.012451 -0.034668
6031 0.038086 1.004639 -0.018066
6043 0.038086 1.006348 -0.034180
6055 0.038330 1.002930 -0.027344
6067 0.034912 1.004150 -0.030762
6079 0.036865 1.008057 -0.037598
6091 0.036621 1.009766 -0.039307
6102 0.034180 1.008301 -0.033447
6114 0.043457 1.007324 -0.033203
6126 0.039795 1.006592 -0.038330
6138 0.039795 1.005371 -0.034424
6150 0.037598 1.010742 -0.028076
6162 0.050049 1.012451 -0.031250
6173 0.038330 1.002930 -0.028076
6185 0.039795 1.008301 -0.034912
6197 0.039795 1.007568 -0.027588
6209 0.038330 1.009277 -0.027344
6221 0.038086 1.006836 -0.020996
6233 0.039307 1.008301 -0.030762
6245 0.041260 1.000488 -0.033691
6256 0.031982 1.010254 -0.031250
6268 0.041016 1.006592 -0.031494
6280 0.037598 1.003662 -0.033936
6292 0.041748 1.005859 -0.031738
6304 0.044678 1.005371 -0.036621
6316 0.039795 1.002441 -0.031006
6327 0.032959 1.002686 -0.026611
6339 0.039062 1.006592 -0.032227
6351 0.039307 1.004883 -0.027588
6363 0.042725 1.005859 -0.021973
6375 0.042480 1.008301 -0.030518
6387 0.036865 1.008789 -0.032227
6398 0.040527 1.006836 -0.036377
6410 0.039307 1.005371 -0.031738
6422 0.042236 1.007568 -0.024658
6434 0.040527 1.010986 -0.038086
6446 0.035400 1.001709 -0.021729
6458 0.040771 1.000000 -0.022949
6469 0.045898 1.005859 -0.023926
6481 0.042969 1.011230 -0.035156
6493 0.036865 1.002441 -0.032471
6505 0.040527 0.998291 -0.030029
6517 0.035645 1.008545 -0.029297
6529 0.037354 1.005615 -0.034424
6540 0.033447 1.004395 -0.030273
6552 0.042480 1.008301 -0.037109
6564 0.044189 1.004150 -0.031494
6576 0.039062 1.010498 -0.037354
6588 0.048340 1.004395 -0.023438
6600 0.045654 0.997559 -0.032959
6611 0.037109 1.007080 -0.039795
6623 0.041504 1.009033 -0.043213
6635 0.037109 1.005127 -0.036133
6647 0.041504 1.007568 -0.027344
6659 0.043213 1.008057 -0.028320
6671 0.042480 1.008545 -0.036621
6682 0.037842 1.001465 -0.026611
6694 0.043457 1.003174 -0.041260
6706 0.039795 1.008789 -0.030518
6718 0.041504 1.004883 -0.022705
6730 0.038330 1.011230 -0.027832
6742 0.037598 1.002686 -0.027588
6753 0.036133 1.005615 -0.033447
6765 0.039795 1.004883 -0.039795
6777 0.040039 1.010742 -0.038574
6789 0.034668 1.005615 -0.039795
6801 0.036865 1.002197 -0.034912
6813 0.041504 0.998291 -0.023926
6824 0.042969 1.005371 -0.027344
6836 0.034668 1.011230 -0.033691
6848 0.036621 1.004883 -0.038330
6860 0.042725 1.001709 -0.030029
6872 0.038330 1.014648 -0.021484
6884 0.038086 1.004395 -0.026611
6895 0.037842 0.997559 -0.021484
6907 0.037598 1.003662 -0.033936
6919 0.033447 1.011719 -0.029541
6931 0.039307 1.004395 -0.032959
6943 0.048096 1.004883 -0.027344
6955 0.039062 1.002686 -0.026367
6966 0.035889 1.007568 -0.037842
6978 0.036621 1.006104 -0.027832
6990 0.041016 1.005615 -0.034180
7002 0.040771 1.006592 -0.030762
7014 0.044189 1.003174 -0.025879
7026 0.036865 1.009766 -0.035645
7037 0.039307 1.009277 -0.034912
7049 0.037598 1.006592 -0.030029
7061 0.035156 1.001221 -0.032715
7073 0.035156 1.006348 -0.033936
7085 0.043213 1.006104 -0.032471
7097 0.040771 1.007568 -0.041260
7109 0.037109 0.999756 -0.022461
7120 0.047607 1.006836 -0.028564
7132 0.044189 1.005615 -0.038818
7144 0.039795 1.003174 -0.026123
7156 0.036865 1.004395 -0.031006
7168 0.045166 1.004395 -0.029053
7180 0.042969 1.003906 -0.039307
7191 0.038818 1.005127 -0.020264
7203 0.041016 1.002686 -0.023438
7215 0.038086 1.000000 -0.033691
7227 0.043945 1.009766 -0.034668
7239 0.036621 1.005371 -0.032227
7251 0.035400 1.005127 -0.033691
7262 0.038818 1.003418 -0.037354
7274 0.041992 1.003174 -0.034180
7286 0.036865 1.008545 -0.033691
7298 0.035400 1.004395 -0.033447
7310 0.042725 1.011475 -0.025391
7322 0.040039 1.004639 -0.030762
7333 0.042480 1.010010 -0.030273
7345 0.040527 1.004395 -0.035156
7357 0.038818 1.004883 -0.026855
7369 0.035889 0.998291 -0.024170
7381 0.044678 1.007324 -0.031494
7393 0.045166 0.999268 -0.028320
7404 0.038086 1.008545 -0.018311
7416 0.035889 1.000732 -0.031738
7428 0.034912 1.002686 -0.032227
7440 0.044434 1.006836 -0.026123
7452 0.041260 1.005127 -0.021973
7464 0.037598 1.008057 -0.035645
7475 0.041260 1.001221 -0.041260
7487 0.039307 1.006104 -0.027832
7499 0.040039 1.004883 -0.038086
7511 0.039307 1.000977 -0.023438
7523 0.041260 1.000488 -0.026611
7535 0.035400 0.999512 -0.037598
7546 0.040283 0.999268 -0.018799
7558 0.039307 1.004639 -0.038330
7570 0.038574 1.007080 -0.017090
7582 0.046143 1.002197 -0.025635
7594 0.041016 1.006104 -0.024658
7606 0.038574 1.007324 -0.032227
7617 0.039795 1.010010 -0.030029
7629 0.045898 1.006348 -0.028076
7641 0.045898 1.005615 -0.031250
7653 0.032715 1.002441 -0.032959
7665 0.041260 1.005371 -0.029541
7677 0.041748 1.000977 -0.034180
7688 0.038086 1.009033 -0.030273
7700 0.036133 1.008545 -0.036133
7712 0.033691 1.009277 -0.028809
7724 0.039062 1.009033 -0.033936
7736 0.036377 1.008789 -0.025146
7748 0.040527 1.004395 -0.024414
7759 0.044678 1.005615 -0.031250
7771 0.041260 1.005127 -0.036377
7783 0.035889 0.997314 -0.036377
7795 0.039062 1.000244 -0.042236
7807 0.044678 1.006348 -0.028564
7819 0.042236 1.007812 -0.030029
7830 0.036621 1.007080 -0.039551
7842 0.043213 1.010742 -0.030029
7854 0.039795 1.003174 -0.029541
7866 0.039795 0.994629 -0.032715
7878 0.041992 1.004883 -0.028809
7890 0.038086 1.002441 -0.020264
7901 0.041504 1.004639 -0.032959
7913 0.038330 1.005371 -0.026367
7925 0.039307 1.003174 -0.030518
7937 0.039307 0.997314 -0.028564
7949 0.038574 1.007568 -0.024658
7961 0.038818 1.009521 -0.032471
7972 0.034912 1.001709 -0.032715
7984 0.039795 1.006836 -0.030273
7996 0.039551 1.001221 -0.021240
8008 0.043213 1.002441 -0.021240
8020 0.034668 1.005615 -0.041992
8032 0.030762 1.004395 -0.026611
8043 0.039795 1.005615 -0.031494
8055 0.040771 1.004639 -0.026367
8067 0.031006 1.000977 -0.041992
8079 0.041504 1.005127 -0.030029
8091 0.039062 1.002930 -0.039307
8103 0.042480 0.996826 -0.027344
8114 0.038818 1.010498 -0.037598
8126 0.037842 1.014404 -0.024658
8138 0.047119 1.006348 -0.027832
8150 0.036133 1.006348 -0.026611
8162 0.041504 1.006348 -0.031982
8174 0.040771 1.003906 -0.034424
8185 0.045166 1.007568 -0.035645
8197 0.037842 0.999268 -0.032471
8209 0.036865 1.003906 -0.029053
8221 0.040039 1.004395 -0.030029
8233 0.041260 0.998535 -0.035156
8245 0.041504 1.002930 -0.038330
8256 0.043213 1.006836 -0.034424
8268 0.037842 1.006348 -0.024170
8280 0.041016 1.005371 -0.037354
8292 0.040039 1.004395 -0.031494
8304 0.049072 1.008057 -0.026123
8316 0.034424 1.002441 -0.019287
8328 0.032227 1.005371 -0.040771
8339 0.046143 1.006836 -0.028809
8351 0.036377 1.011475 -0.026123
8363 0.040283 1.008545 -0.027100
8375 0.042969 1.003418 -0.034424
8387 0.037598 1.000977 -0.037354
8399 0.037109 1.009033 -0.030762
8410 0.037109 1.005371 -0.029541
8422 0.042480 0.999023 -0.033936
8434 0.038818 1.003662 -0.033447
8446 0.039795 0.999756 -0.031738
8458 0.037598 1.002930 -0.031006
8470 0.039795 1.007080 -0.036133
8481 0.047363 1.007080 -0.026367
8493 0.037598 1.011230 -0.028564
8505 0.039795 1.011963 -0.031982
8517 0.032715 1.000000 -0.030029
8529 0.039795 1.007812 -0.028809
8541 0.039307 1.003906 -0.032471
8552 0.039062 1.005127 -0.026367
8564 0.037842 1.005615 -0.040527
8576 0.039062 1.005859 -0.030273
8588 0.035889 1.000977 -0.036377
8600 0.044678 1.005615 -0.035400
8612 0.044678 1.005371 -0.031250
8623 0.043213 1.002686 -0.032471
8635 0.041260 1.009033 -0.030273
8647 0.041992 1.002197 -0.020752
8659 0.044678 1.002686 -0.035645
8671 0.037354 1.001221 -0.034424
8683 0.032959 1.010010 -0.028320
8694 0.040527 1.001221 -0.034912
8706 0.045898 1.004150 -0.025391
8718 0.037842 1.003662 -0.028809
8730 0.038086 1.007812 -0.032715
8742 0.041260 1.005371 -0.023926
8754 0.042480 1.011963 -0.031250
8765 0.037598 1.010498 -0.039551
8777 0.038574 1.005859 -0.028809
8789 0.043701 1.007812 -0.030518
8801 0.038330 1.007812 -0.017822
8813 0.045166 0.999512 -0.029297
8825 0.040283 1.007568 -0.031250
8836 0.036377 1.003906 -0.035156
8848 0.039062 1.004150 -0.029297
8860 0.033936 1.006104 -0.028076
8872 0.038086 1.001221 -0.035645
8884 0.042236 1.001221 -0.034912
8896 0.038818 1.001709 -0.022949
8907 0.043213 1.005615 -0.033691
8919 0.041016 1.002441 -0.034668
8931 0.035889 1.003906 -0.035645
8943 0.038574 1.010986 -0.036133
8955 0.039795 1.008057 -0.026367
8967 0.038574 1.007080 -0.034912
8978 0.038086 1.005615 -0.031982
8990 0.041016 1.001953 -0.024414
9002 0.040039 1.007080 -0.038818
9014 0.041504 1.001465 -0.042725
9026 0.036865 1.006836 -0.042236
9038 0.045898 1.011230 -0.028564
9049 0.042725 1.004639 -0.044434
9061 0.035400 1.001709 -0.027100
9073 0.031738 1.009033 -0.032227
9085 0.035645 1.006592 -0.037109
9097 0.035889 1.006348 -0.025391
9109 0.042725 1.004639 -0.032715
9120 0.039551 1.005127 -0.029541
9132 0.039551 1.001465 -0.018799
9144 0.040039 1.004395 -0.026855
9156 0.041260 1.005371 -0.036133
9168 0.037842 1.004639 -0.047363
9180 0.035156 1.006104 -0.041992
9191 0.036865 1.005127 -0.029541
9203 0.045898 1.007080 -0.037354
9215 0.042725 1.001221 -0.032959
9227 0.037109 1.003174 -0.031982
9239 0.043213 1.001221 -0.029541
9251 0.038330 1.004639 -0.035156
9262 0.042236 1.004150 -0.043945
9274 0.039307 1.005859 -0.024170
9286 0.041016 1.005371 -0.027832
9298 0.041260 1.004150 -0.033691
9310 0.042725 1.001465 -0.032715
9322 0.036133 1.002441 -0.032471
9333 0.038086 1.002441 -0.034180
9345 0.041748 1.008301 -0.037109
9357 0.049561 1.002686 -0.034668
9369 0.042969 1.010010 -0.030518
9381 0.036621 1.004883 -0.032715
9393 0.039551 1.002197 -0.025391
9404 0.041748 1.007080 -0.031250
9416 0.047363 0.999268 -0.030518
9428 0.039795 1.003662 -0.019287
9440 0.040527 1.004395 -0.026123
9452 0.043701 1.007568 -0.039551
9464 0.037354 1.006348 -0.026123
9475 0.035889 1.002441 -0.046875
9487 0.035645 1.006104 -0.031250
9499 0.034668 1.014160 -0.036377
9511 0.040283 1.004883 -0.029297
9523 0.036377 1.006104 -0.035156
9535 0.046387 1.004395 -0.021484
9546 0.042725 1.003418 -0.028076
9558 0.036133 1.007080 -0.024902
9570 0.033936 1.006592 -0.028564
9582 0.040527 1.009277 -0.028320
9594 0.039062 1.003418 -0.028564
9606 0.041016 1.008057 -0.023438
9617 0.047363 1.002930 -0.032959
9629 0.040039 1.005615 -0.032471
9641 0.037598 1.005615 -0.033936
9653 0.037598 1.009521 -0.029053
9665 0.044434 1.003906 -0.014404
9677 0.036621 0.999756 -0.037109
9688 0.038574 1.012207 -0.023193
9700 0.032227 1.003662 -0.025879
9712 0.043213 1.007568 -0.030029
9724 0.035645 1.006836 -0.029053
9736 0.032227 1.010986 -0.040283
9748 0.042236 1.010254 -0.032715
9759 0.038330 1.005371 -0.029541
9771 0.038818 1.006836 -0.029541
9783 0.031006 1.003174 -0.044922
9795 0.036621 1.001709 -0.032227
9807 0.040283 1.005859 -0.028809
9819 0.041504 1.005859 -0.039307
9830 0.041504 1.005859 -0.034424
9842 0.044922 1.000244 -0.028320
9854 0.043701 1.007568 -0.026367
9866 0.037842 1.001709 -0.031982
9878 0.041016 1.010498 -0.031738
9890 0.035889 1.008057 -0.032227
9901 0.043213 1.005615 -0.026367
9913 0.047363 1.009521 -0.032715
9925 0.042480 1.006348 -0.038818
9937 0.038330 1.008789 -0.046631
9949 0.040527 1.005615 -0.033936
9961 0.045410 1.005615 -0.031738
9972 0.042236 1.003662 -0.034912
9984 0.034180 0.999268 -0.021729
9996 0.034912 1.001709 -0.035645
10008 0.042725 1.002930 -0.036621
10020 0.036133 1.006348 -0.028320
10032 0.037354 1.006836 -0.032715
10043 0.033447 1.005859 -0.024658
10055 0.041016 1.007812 -0.033936
10067 0.041260 1.008301 -0.034912
10079 0.046387 1.002686 -0.032227
10091 0.042236 1.010498 -0.031250
10103 0.038818 1.005371 -0.027588
10114 0.039795 1.000000 -0.029541
10126 0.040771 0.999512 -0.035156
10138 0.035400 1.002686 -0.038818
10150 0.032471 1.011230 -0.033447
10162 0.042725 1.004150 -0.028809
10174 0.039551 1.003906 -0.033691
10185 0.040283 1.002930 -0.033203
10197 0.038330 1.006836 -0.029785
10209 0.031738 1.003418 -0.032715
10221 0.043213 1.004395 -0.031250
10233 0.040283 1.004883 -0.034424
10245 0.034912 1.003906 -0.035645
10256 0.037354 0.997314 -0.040527
10268 0.040039 1.009521 -0.028320
10280 0.039062 1.001221 -0.034180
10292 0.043701 1.002930 -0.029541
10304 0.041260 1.007080 -0.039062
10316 0.042480 1.004639 -0.037598
10327 0.038574 1.007324 -0.035400
10339 0.038818 1.001221 -0.024170
10351 0.034668 1.006592 -0.028564
10363 0.045410 0.999512 -0.020508
10375 0.039551 1.006592 -0.038086
10387 0.034912 1.001221 -0.037109
10398 0.037842 1.002930 -0.032227
10410 0.047607 1.006592 -0.034424
10422 0.041504 1.003174 -0.031982
10434 0.035156 1.004150 -0.032715
10446 0.037842 1.005371 -0.029053
10458 0.040771 1.005859 -0.032227
10469 0.038574 1.007324 -0.021729
10481 0.037354 1.005859 -0.030029
10493 0.043945 1.005371 -0.031250
10505 0.037109 1.003174 -0.038818
10517 0.033447 1.005371 -0.029297
10529 0.032227 1.005371 -0.031494
10540 0.036621 1.006592 -0.030518
10552 0.039551 1.007080 -0.033691
10564 0.043213 1.003906 -0.028320
10576 0.040039 1.009766 -0.044189
10588 0.039062 1.005615 -0.036377
10600 0.038330 1.001709 -0.027832
10611 0.032959 1.004395 -0.040283
10623 0.037842 1.004883 -0.031250
10635 0.035400 1.005615 -0.024170
10647 0.038330 0.997070 -0.028076
10659 0.039062 1.006348 -0.030762
10671 0.040039 1.002930 -0.035889
10682 0.039062 1.002441 -0.030762
10694 0.041260 1.001953 -0.031494
10706 0.035889 1.005859 -0.022461
10718 0.041260 1.004639 -0.024658
10730 0.042725 1.002441 -0.029297
10742 0.034180 1.007568 -0.027344
10753 0.037842 1.005615 -0.030762
10765 0.040527 1.000488 -0.029541
10777 0.042969 1.001709 -0.026123
10789 0.036133 1.008545 -0.028320
10801 0.042236 1.001465 -0.032715
10813 0.038818 1.001709 -0.034180
10824 0.040039 1.000488 -0.031250
10836 0.038574 1.006104 -0.033447
10848 0.039307 1.005615 -0.035889
10860 0.044434 1.006836 -0.024414
10872 0.048584 1.004883 -0.034912
10884 0.041992 1.005127 -0.032959
10895 0.036621 1.010498 -0.028809
10907 0.043457 1.003418 -0.023682
10919 0.038818 1.002930 -0.039307
10931 0.032471 1.005615 -0.022461
10943 0.037598 1.007812 -0.029541
10955 0.036865 1.001465 -0.023193
10966 0.046143 1.003418 -0.033936
10978 0.035889 1.002930 -0.033691
10990 0.041260 1.009277 -0.026855
11002 0.041504 1.005127 -0.032227
11014 0.037109 1.005615 -0.032227
11026 0.033936 1.008057 -0.030518
11037 0.034424 1.009277 -0.034668
11049 0.033691 1.002930 -0.029053
11061 0.037842 1.005859 -0.043213
11073 0.035645 1.005615 -0.039795
11085 0.038086 1.006348 -0.037598
11097 0.042725 1.009033 -0.029785
11108 0.041016 1.006348 -0.031982
11120 0.043213 1.002930 -0.040283
11132 0.043213 1.008301 -0.026367
11144 0.033936 1.003174 -0.032959
11156 0.041748 1.002930 -0.029297
11168 0.035645 1.008301 -0.026367
11179 0.034424 1.005615 -0.030273
11191 0.036621 1.008301 -0.036133
11203 0.035889 0.998291 -0.032471
11215 0.037109 1.000488 -0.039062
11227 0.042236 1.010986 -0.024658
11239 0.042480 1.002441 -0.038330
11250 0.036133 1.003662 -0.037354
11262 0.039551 1.008789 -0.022949
11274 0.032715 1.008057 -0.029297
11286 0.045166 1.001221 -0.025635
11298 0.039062 1.002686 -0.041260
11310 0.040283 1.004883 -0.043945
11321 0.041016 1.003662 -0.035156
11333 0.036865 1.006104 -0.019043
11345 0.035645 1.009033 -0.023438
11357 0.037109 1.005127 -0.034668
11369 0.040283 1.003662 -0.032715
11381 0.041260 1.003174 -0.030518
11392 0.039062 1.006348 -0.034668
11404 0.038330 1.005615 -0.037842
11416 0.036133 1.001221 -0.033203
11428 0.042236 1.005127 -0.030518
11440 0.036621 1.006104 -0.036377
11452 0.038818 1.003418 -0.028564
11463 0.037109 1.004639 -0.032715
11475 0.037354 1.002930 -0.023682
11487 0.041748 1.003906 -0.029297
11499 0.033691 1.005371 -0.035400
11511 0.044189 1.004883 -0.032959
11523 0.042969 1.010498 -0.034180
11534 0.043457 1.002930 -0.033691
11546 0.044678 1.002930 -0.029785
11558 0.035156 1.001953 -0.027832
11570 0.035889 1.001953 -0.031738
11582 0.038818 1.005127 -0.033936
11594 0.040039 1.005859 -0.033447
11605 0.034180 1.004883 -0.039551
11617 0.035889 1.007324 -0.024170
11629 0.041260 1.002930 -0.024902
11641 0.041016 1.006104 -0.028320
11653 0.045410 1.008057 -0.034180
11665 0.045654 1.010010 -0.027100
11676 0.036377 1.013184 -0.030518
11688 0.033203 1.010254 -0.027100
11700 0.034668 1.001953 -0.021973
11712 0.041260 1.005127 -0.028564
11724 0.036865 1.002197 -0.028564
11736 0.035400 1.008057 -0.033447
11747 0.036621 1.001953 -0.030518
11759 0.040283 1.006592 -0.036377
11771 0.047607 1.010010 -0.031738
11783 0.040527 1.001709 -0.031738
11795 0.039795 1.005859 -0.032959
11807 0.048584 1.013672 -0.022461
11818 0.037598 0.997070 -0.021729
11830 0.037354 1.007080 -0.035156
11842 0.035645 1.003906 -0.038086
11854 0.044434 1.005859 -0.029541
11866 0.032959 1.005127 -0.027832
11878 0.036133 1.002441 -0.030029
11889 0.037842 1.005859 -0.040039
11901 0.034424 1.002686 -0.029053
11913 0.035400 1.005127 -0.022949
11925 0.036621 1.008057 -0.021729
11937 0.042480 1.012207 -0.039062
11949 0.035889 1.008545 -0.019775
11960 0.038330 1.007568 -0.029541
11972 0.040527 1.006836 -0.029785
11984 0.036377 1.003418 -0.035400
11996 0.042725 1.002441 -0.024414
12008 0.044922 1.002930 -0.027832
12020 0.045410 1.005859 -0.026367
12031 0.037598 1.008545 -0.026855
12043 0.040771 1.004639 -0.026367
12055 0.032715 1.008057 -0.020508
12067 0.041260 1.010010 -0.036621
12079 0.041016 1.001953 -0.037354
12091 0.033691 1.003174 -0.026611
12102 0.038330 1.002197 -0.037842
12114 0.036133 1.008301 -0.025146
12126 0.038330 1.003418 -0.035156
12138 0.039795 0.999512 -0.028076
12150 0.030762 1.004883 -0.033447
12162 0.037354 1.007568 -0.030029
12173 0.037842 1.008545 -0.034424
12185 0.039062 1.007080 -0.029053
12197 0.037842 1.003906 -0.027588
12209 0.039062 1.003174 -0.033203
12221 0.039551 1.007568 -0.028076
12233 0.033691 1.005371 -0.035156
12244 0.040771 1.006348 -0.034912
12256 0.028809 0.999023 -0.021973
12268 0.038086 1.005371 -0.026855
12280 0.036377 1.010742 -0.027344
12292 0.043701 1.010254 -0.028809
12304 0.035400 1.006348 -0.028809
12315 0.039062 1.005371 -0.035889
12327 0.040527 1.009277 -0.019775
12339 0.038818 1.009277 -0.036133
12351 0.035645 1.000488 -0.030518
12363 0.048828 1.008545 -0.037598
12375 0.039062 1.004639 -0.031738
12386 0.032471 1.004639 -0.032227
12398 0.035156 1.005859 -0.030762
12410 0.035156 0.992676 -0.028809
12422 0.032959 1.004883 -0.033936
12434 0.048096 1.009277 -0.022461
12446 0.043945 1.003418 -0.031006
12457 0.033447 1.008789 -0.034912
12469 0.038330 1.005371 -0.034424
12481 0.040039 1.008057 -0.032227
12493 0.040771 1.006836 -0.039062
12505 0.041016 1.006592 -0.029297
12517 0.034668 1.000244 -0.030762
12528 0.041260 1.007080 -0.027344
12540 0.038086 1.001953 -0.034912
12552 0.040771 1.007080 -0.038818
12564 0.039062 1.005127 -0.032227
12576 0.033691 1.007324 -0.027832
12588 0.034668 1.006348 -0.019287
12599 0.039551 1.004395 -0.029541
12611 0.040283 1.010498 -0.024170
12623 0.033203 1.007812 -0.027100
12635 0.045654 1.005859 -0.031982
12647 0.042236 1.000488 -0.040039
12659 0.039307 1.000244 -0.022705
12670 0.038574 1.007568 -0.026123
12682 0.032959 1.007324 -0.030029
12694 0.037842 1.008789 -0.024658
12706 0.041748 1.005371 -0.033691
12718 0.037842 1.003174 -0.029053
12730 0.039795 1.008301 -0.024658
12741 0.044922 1.002686 -0.025879
12753 0.037354 1.005371 -0.034912
12765 0.034912 1.005859 -0.029541
12777 0.038574 1.007324 -0.024170
12789 0.042725 1.013672 -0.025879
12801 0.041992 1.008545 -0.025391
12812 0.035889 1.007812 -0.025635
12824 0.039795 1.006104 -0.037842
12836 0.040527 1.007080 -0.034424
12848 0.038086 1.005615 -0.027100
12860 0.037109 1.002441 -0.036133
12872 0.036865 1.002441 -0.029541
12883 0.038574 1.005127 -0.025146
12895 0.039551 1.007324 -0.031250