1061 0.021973 -1.002441 -0.038330
1073 0.030029 -0.999756 -0.039551
1084 0.028809 -0.990723 -0.031982
1096 0.021729 -1.001221 -0.045166
1108 0.021240 -0.997070 -0.041504
1120 0.025146 -0.999756 -0.041504
1132 0.024658 -0.996582 -0.050537
1144 0.026123 -0.995850 -0.047119
1155 0.020264 -1.001221 -0.037354
1167 0.021973 -0.997803 -0.039551
1179 0.021729 -0.993896 -0.045898
1191 0.024414 -0.994629 -0.029297
1203 0.025635 -1.001953 -0.043701
1215 0.019531 -0.994141 -0.038330
1226 0.024658 -0.997559 -0.041504
1238 0.024414 -1.006348 -0.036865
1250 0.020264 -1.004150 -0.045166
1262 0.019531 -1.001709 -0.045654
1274 0.021729 -0.996582 -0.048828
1286 0.025635 -0.994141 -0.045166
1297 0.022949 -0.997559 -0.043457
1309 0.024658 -0.998779 -0.044434
1321 0.023193 -0.996826 -0.039062
1333 0.026611 -0.999268 -0.042725
1345 0.022949 -1.000488 -0.047852
1356 0.018555 -1.006104 -0.044434
1368 0.014893 -1.003418 -0.028320
1380 0.024170 -0.994141 -0.047363
1392 0.021484 -1.000000 -0.034424
1404 0.025635 -0.995850 -0.045166
1416 0.021973 -1.001221 -0.047363
1427 0.024902 -0.994385 -0.035400
1439 0.025146 -0.992676 -0.045898
1451 0.025391 -1.000977 -0.043945
1463 0.028809 -0.993408 -0.041016
1475 0.020508 -0.995361 -0.041504
1486 0.023438 -0.993164 -0.049072
1498 0.027100 -0.996338 -0.033936
1510 0.022461 -1.000244 -0.038086
1522 0.029785 -0.998535 -0.032715
1534 0.026855 -0.995361 -0.045166
1546 0.023193 -0.993896 -0.048584
1557 0.027588 -1.001709 -0.037598
1569 0.020752 -0.989746 -0.039795
1581 0.019531 -0.998779 -0.043945
1593 0.022461 -0.996582 -0.041748
1605 0.024658 -0.998047 -0.040527
1617 0.027100 -0.996582 -0.038818
1628 0.019043 -1.004395 -0.042725
1640 0.022217 -0.993652 -0.047119
1652 0.023926 -0.998779 -0.045654
1664 0.024414 -0.998291 -0.045166
1676 0.023193 -1.004639 -0.048584
1688 0.027344 -0.996582 -0.032227
1699 0.019775 -0.997314 -0.049072
1711 0.022461 -0.993652 -0.043213
1723 0.020996 -0.994873 -0.035645
1735 0.029541 -1.000000 -0.043457
1747 0.024658 -1.000488 -0.039795
1759 0.024658 -0.995850 -0.051270
1770 0.026367 -0.995117 -0.038086
1782 0.028564 -0.995605 -0.050049
1794 0.024170 -0.997803 -0.044922
1806 0.024902 -0.994629 -0.043213
1818 0.020752 -0.990967 -0.046387
1830 0.023438 -0.993652 -0.045410
1841 0.026611 -0.967041 -0.049805
1853 0.017578 -0.974854 -0.029297
1865 0.034912 -1.151367 -0.040771
1877 0.019531 -0.956787 -0.034668
1889 0.030518 -0.942383 -0.052734
1900 0.032227 -0.968506 -0.064697
1912 0.007812 -1.016113 -0.047119
1924 0.029053 -1.028809 -0.038086
1936 0.023682 -0.947998 -0.056641
1948 0.020508 -1.006348 -0.053955
1960 0.027832 -1.031982 -0.026855
1971 0.018799 -0.972900 -0.031250
1983 0.018799 -0.999512 -0.043945
1995 0.023682 -1.009277 -0.040527
2007 0.024902 -0.997559 -0.037598
2019 0.028320 -0.990967 -0.045654
2031 0.025391 -1.002686 -0.041504
2042 0.026855 -0.995605 -0.033447
2054 0.024658 -0.998047 -0.040283
2066 0.020996 -1.002441 -0.033447
2078 0.024414 -0.998047 -0.039551
2090 0.022949 -0.991455 -0.039551
2102 0.022949 -0.995117 -0.048096
2113 0.024658 -1.000000 -0.044434
2125 0.025146 -0.994385 -0.033936
2137 0.026123 -0.995850 -0.031738
2149 0.026123 -1.006592 -0.037109
2161 0.021729 -0.994629 -0.037842
2172 0.027832 -0.994385 -0.042236
2184 0.026123 -1.004150 -0.030762
2196 0.020752 -0.994629 -0.042480
2208 0.014404 -1.008301 -0.037354
2220 0.024414 -0.992432 -0.038330
2232 0.026367 -0.999756 -0.041016
2243 0.019531 -1.004395 -0.042236
2255 0.023926 -0.999512 -0.030762
2267 0.021484 -1.003174 -0.037842
2279 0.024170 -0.993408 -0.044678
2291 0.021973 -1.000000 -0.035889
2303 0.020508 -1.000977 -0.044434
2314 0.029297 -0.994385 -0.029053
2326 0.023438 -1.003418 -0.036621
2338 0.019775 -0.995117 -0.042480
2350 0.020996 -0.999023 -0.037842
2362 0.025879 -1.001465 -0.043213
2374 0.024170 -0.997803 -0.040527
2385 0.020264 -0.993896 -0.037354
2397 0.024658 -0.998291 -0.043945
2409 0.024658 -0.997314 -0.052734
2421 0.024658 -0.999268 -0.040527
2433 0.020996 -0.993408 -0.032471
2445 0.023926 -0.997559 -0.043457
2456 0.020264 -0.993164 -0.039307
2468 0.022217 -0.995605 -0.045654
2480 0.014648 -0.999023 -0.039307
2492 0.016846 -1.000000 -0.039062
2504 0.021484 -0.999268 -0.037598
2516 0.018555 -0.998047 -0.041748
2527 0.027100 -1.000488 -0.034912
2539 0.023682 -0.997070 -0.041504
2551 0.028076 -0.995361 -0.043945
2563 0.026123 -1.002197 -0.032715
2575 0.024170 -1.000244 -0.039551
2586 0.027100 -0.993408 -0.041748
2598 0.022705 -0.995361 -0.047119
2610 0.025146 -0.999756 -0.034668
2622 0.022461 -0.998535 -0.044189
2634 0.019531 -1.000732 -0.033936
2646 0.023926 -0.995117 -0.042480
2657 0.020996 -1.000244 -0.051025
2669 0.018555 -0.992920 -0.042480
2681 0.021973 -0.992676 -0.046875
2693 0.021240 -0.996338 -0.043457
2705 0.027100 -0.994873 -0.038818
2717 0.021240 -0.993896 -0.048340
2728 0.024902 -0.999023 -0.043457
2740 0.026855 -0.994141 -0.038330
2752 0.025635 -0.989258 -0.044434
2764 0.029541 -0.995850 -0.041260
2776 0.024658 -1.000488 -0.036865
2788 0.023438 -0.994629 -0.042725
2799 0.024170 -0.999268 -0.039307
2811 0.023682 -0.996094 -0.042236
2823 0.018311 -0.995605 -0.042725
2835 0.026367 -0.995361 -0.046143
2847 0.022705 -0.997559 -0.046387
2858 0.026611 -0.995117 -0.034424
2870 0.019775 -1.003906 -0.037598
2882 0.027832 -0.991211 -0.047607
2894 0.026611 -0.994873 -0.041504
2906 0.021240 -0.998047 -0.039062
2918 0.018799 -1.000000 -0.037598
2929 0.012939 -0.997314 -0.041260
2941 0.024902 -0.990967 -0.040527
2953 0.025391 -0.999023 -0.036621
2965 0.018066 -0.999023 -0.035156
2977 0.018311 -0.997803 -0.037354
2989 0.026123 -1.001465 -0.036133
3000 0.034424 -0.997803 -0.051514
3012 0.029541 -1.003906 -0.038330
3024 0.023438 -0.995117 -0.032227
3036 0.025635 -1.000000 -0.037842
3048 0.026367 -0.998779 -0.042236
3060 0.021973 -0.990967 -0.040527
3071 0.027588 -0.996338 -0.042969
3083 0.013672 -0.999512 -0.044434
3095 0.024658 -0.998535 -0.040527
3107 0.025635 -0.993652 -0.043945
3119 0.028809 -0.995850 -0.040039
3131 0.025146 -1.003906 -0.039551
3142 0.020508 -0.995117 -0.038818
3154 0.023438 -0.993896 -0.035400
3166 0.020752 -1.001221 -0.045898
3178 0.020508 -0.999023 -0.042725
3190 0.028809 -0.994873 -0.046143
3201 0.023193 -0.997803 -0.037842
3213 0.025146 -0.995605 -0.038330
3225 0.025879 -0.998535 -0.052246
3237 0.024902 -0.995850 -0.045410
3249 0.027344 -0.996338 -0.040771
3261 0.027588 -0.996338 -0.050049
3272 0.023682 -0.989258 -0.046631
3284 0.025391 -0.998291 -0.046143
3296 0.022461 -0.999023 -0.038574
3308 0.025146 -1.001221 -0.035645
3320 0.025391 -0.997803 -0.032959
3332 0.022461 -0.997314 -0.041504
3343 0.029297 -1.006592 -0.047363
3355 0.025146 -0.995117 -0.042725
3367 0.021240 -0.994873 -0.037354
3379 0.025391 -1.000244 -0.033936
3391 0.021729 -1.000244 -0.040283
3403 0.018799 -1.000000 -0.032715
3414 0.025879 -1.004639 -0.043701
3426 0.023926 -0.994873 -0.045898
3438 0.021729 -1.002930 -0.037354
3450 0.021484 -0.998047 -0.042236
3462 0.028320 -0.996826 -0.043213
3474 0.022949 -0.994385 -0.038818
3485 0.024414 -0.997559 -0.030762
3497 0.025391 -0.999756 -0.039795
3509 0.018555 -0.998291 -0.042236
3521 0.019531 -0.994141 -0.040283
3533 0.022461 -1.000244 -0.037598
3544 0.026367 -0.996826 -0.045898
3556 0.022217 -0.998535 -0.045166
3568 0.026123 -0.992676 -0.037842
3580 0.015625 -0.997070 -0.049316
3592 0.018799 -0.999268 -0.043213
3604 0.026611 -0.999756 -0.041016
3615 0.019043 -1.008545 -0.039062
3627 0.029053 -0.997314 -0.044678
3639 0.019531 -0.998047 -0.030518
3651 0.023438 -0.994629 -0.044678
3663 0.022705 -0.997070 -0.041504
3675 0.027832 -1.001221 -0.043945
3686 0.023438 -0.992920 -0.046387
3698 0.020020 -0.995117 -0.039551
3710 0.018799 -0.995850 -0.040039
3722 0.023926 -0.999512 -0.035156
3734 0.025146 -0.998535 -0.037842
3745 0.022705 -0.990479 -0.045166
3757 0.019775 -0.995605 -0.047363
3769 0.028076 -0.999268 -0.041504
3781 0.020020 -0.991455 -0.038574
3793 0.026123 -0.989990 -0.044922
3805 0.026611 -1.001709 -0.046387
3816 0.020020 -0.995361 -0.039062
3828 0.022705 -0.998047 -0.042969
3840 0.024414 -0.999756 -0.039795
3852 0.021729 -1.000244 -0.035889
3864 0.018799 -1.001221 -0.041260
3876 0.019531 -0.996094 -0.035400
3887 0.029785 -0.997070 -0.037109
3899 0.024170 -0.996094 -0.032471
3911 0.018799 -0.999512 -0.044189
3923 0.022705 -0.991455 -0.037842
3935 0.022461 -1.000977 -0.038818
3947 0.029785 -0.998291 -0.038086
3958 0.015625 -1.002441 -0.038330
3970 0.024658 -0.994141 -0.044922
3982 0.023438 -0.997070 -0.036377
3994 0.020996 -0.998291 -0.039795
4006 0.022705 -1.001465 -0.041016
4017 0.024170 -0.998535 -0.042725
4029 0.027344 -0.998291 -0.036133
4041 0.027832 -0.999512 -0.043945
4053 0.025635 -1.003174 -0.031738
4065 0.027588 -0.998291 -0.034424
4077 0.023193 -1.002686 -0.048584
4088 0.022217 -0.995605 -0.033691
4100 0.023926 -0.998535 -0.034424
4112 0.024658 -0.996338 -0.044189
4124 0.022949 -0.995850 -0.036621
4136 0.030762 -0.997803 -0.048096
4148 0.016113 -1.000977 -0.046631
4159 0.024170 -1.003174 -0.042236
4171 0.018066 -0.996826 -0.041748
4183 0.028320 -1.008057 -0.047852
4195 0.032959 -1.000000 -0.039795
4207 0.019775 -1.001221 -0.055176
4219 0.034180 -0.996338 -0.042236
4230 0.021729 -0.996338 -0.047119
4242 0.024658 -1.000488 -0.040039
4254 0.023682 -0.997314 -0.044189
4266 0.023926 -1.000977 -0.045898
4278 0.020752 -0.998047 -0.036133
4290 0.020996 -0.997070 -0.036133
4301 0.022949 -0.998291 -0.040771
4313 0.025146 -0.997803 -0.037842
4325 0.021729 -0.999512 -0.048584
4337 0.020264 -0.993164 -0.039551
4349 0.019043 -0.994141 -0.037842
4361 0.026123 -0.999512 -0.035400
4372 0.026855 -1.000244 -0.037354
4384 0.025146 -0.992676 -0.031738
4396 0.028564 -1.004639 -0.038330
4408 0.021729 -1.003174 -0.041504
4420 0.022461 -0.997803 -0.035400
4432 0.020996 -1.000244 -0.032227
4443 0.021484 -1.003174 -0.045166
4455 0.026123 -1.000977 -0.037842
4467 0.023682 -1.002930 -0.036621
4479 0.022949 -0.999268 -0.046875
4491 0.028809 -0.996582 -0.036133
4502 0.031494 -0.992676 -0.031006
4514 0.026123 -0.994873 -0.051514
4526 0.024414 -1.000488 -0.044922
4538 0.019043 -0.996582 -0.043213
4550 0.027100 -0.995117 -0.040283
4562 0.024414 -0.999512 -0.041992
4573 0.020752 -0.997070 -0.040527
4585 0.029053 -0.998779 -0.043213
4597 0.021484 -0.997803 -0.037842
4609 0.023926 -0.998291 -0.045166
4621 0.023682 -0.998291 -0.045898
4633 0.024414 -0.991699 -0.048828
4644 0.022461 -0.995117 -0.039307
4656 0.027588 -0.998047 -0.039551
4668 0.024170 -0.995605 -0.048340
4680 0.023193 -1.000488 -0.043945
4692 0.014893 -0.994629 -0.047607
4704 0.022461 -1.001221 -0.031250
4715 0.025635 -0.995850 -0.043213
4727 0.019287 -1.000488 -0.046875
4739 0.022461 -0.998291 -0.040527
4751 0.021484 -1.000488 -0.035645
4763 0.021973 -1.002441 -0.036621
4775 0.023682 -0.995117 -0.046143
4786 0.015869 -0.992676 -0.044189
4798 0.031006 -1.004150 -0.038574
4810 0.022949 -0.997314 -0.034668
4822 0.018555 -1.001709 -0.041016
4834 0.025635 -1.000977 -0.050049
4846 0.023682 -0.996582 -0.043457
4857 0.022461 -0.998047 -0.038818
4869 0.019287 -0.999756 -0.038818
4881 0.020752 -0.995361 -0.036377
4893 0.017578 -0.998291 -0.044678
4905 0.025391 -0.999268 -0.038330
4916 0.021240 -0.990479 -0.045654
4928 0.026611 -0.997314 -0.039551
4940 0.022705 -0.996094 -0.038818
4952 0.026123 -1.000244 -0.038086
4964 0.020996 -0.993896 -0.039307
4976 0.021973 -0.998535 -0.037598
4987 0.022949 -0.995361 -0.038086
4999 0.026123 -0.994629 -0.042236
5011 0.024902 -1.001709 -0.042236
5023 0.024902 -0.999023 -0.032715
5035 0.025146 -1.002686 -0.043701
5047 0.024414 -0.999023 -0.043701
5058 0.021240 -0.997803 -0.034424
5070 0.024902 -0.996094 -0.040283
5082 0.022705 -0.990967 -0.040771
5094 0.026367 -0.996582 -0.047852
5106 0.019531 -1.002930 -0.037842
5118 0.023926 -1.001465 -0.037354
5129 0.027832 -0.996094 -0.046143
5141 0.027100 -1.002686 -0.041504
5153 0.016846 -0.997314 -0.041748
5165 0.023926 -0.998779 -0.034668
5177 0.030029 -0.998535 -0.039062
5189 0.025391 -1.000732 -0.033447
5200 0.026123 -0.999512 -0.037109
5212 0.022461 -0.999268 -0.042725
5224 0.025879 -0.996582 -0.043213
5236 0.019043 -0.999756 -0.037842
5248 0.028076 -0.999512 -0.039795
5259 0.025391 -1.000000 -0.043945
5271 0.023682 -0.993896 -0.045166
5283 0.026123 -0.994873 -0.045654
5295 0.024902 -0.995117 -0.037598
5307 0.028076 -0.997314 -0.030273
5319 0.027344 -0.996582 -0.041260
5330 0.024658 -0.992920 -0.041992
5342 0.022949 -1.000244 -0.034424
5354 0.026123 -0.997070 -0.040771
5366 0.020264 -1.001953 -0.041260
5378 0.025391 -1.002441 -0.043213
5390 0.028564 -1.002441 -0.027832
5401 0.023682 -1.001953 -0.031250
5413 0.020996 -0.993652 -0.041504
5425 0.018799 -0.993896 -0.029053
5437 0.026367 -0.997803 -0.041992
5449 0.014893 -0.999756 -0.037109
5461 0.031250 -0.999512 -0.044434
5472 0.017822 -1.000000 -0.041748
5484 0.026367 -1.000732 -0.038330
5496 0.020996 -1.001221 -0.038086
5508 0.026123 -0.997803 -0.041504
5520 0.016113 -0.999512 -0.043945
5532 0.019043 -0.994629 -0.046875
5543 0.023926 -1.000488 -0.038818
5555 0.026367 -0.995850 -0.044434
5567 0.022705 -1.002197 -0.047852
5579 0.022217 -1.001465 -0.034180
5591 0.023682 -0.994629 -0.042969
5603 0.026123 -0.997559 -0.032959
5614 0.027100 -1.002930 -0.034912
5626 0.022461 -0.995605 -0.038818
5638 0.024658 -0.996582 -0.039551
5650 0.024902 -1.003418 -0.043701
5662 0.025391 -1.000977 -0.039551
5674 0.021729 -1.000000 -0.047852
5685 0.020264 -0.995605 -0.041992
5697 0.022705 -0.998291 -0.035156
5709 0.026611 -0.996826 -0.040527
5721 0.026855 -0.994873 -0.043213
5733 0.020508 -0.998535 -0.034424
5745 0.025635 -0.993652 -0.033936
5756 0.023926 -0.994873 -0.045410
5768 0.028564 -0.991699 -0.036621
5780 0.026855 -0.995361 -0.042480
5792 0.024902 -1.002686 -0.031250
5804 0.019043 -1.002197 -0.038086
5815 0.020752 -1.003174 -0.035645
5827 0.030762 -0.998047 -0.042969
5839 0.022949 -0.998291 -0.041748
5851 0.028320 -0.998047 -0.040039
5863 0.026855 -1.001953 -0.039795
5875 0.021729 -0.999023 -0.044922
5886 0.024170 -1.003906 -0.042969
5898 0.023193 -0.997559 -0.037109
5910 0.023682 -0.999023 -0.048096
5922 0.020996 -1.002197 -0.042969
5934 0.023193 -0.998779 -0.043945
5946 0.020264 -0.995361 -0.038574
5957 0.027100 -1.004883 -0.048096
5969 0.023926 -1.000488 -0.035645
5981 0.020996 -0.995117 -0.036865
5993 0.027832 -0.997803 -0.045166
6005 0.030762 -0.992676 -0.036621
6017 0.017578 -0.992188 -0.051270
6028 0.024170 -0.998291 -0.038086
6040 0.016602 -0.992920 -0.038330
6052 0.027100 -0.992676 -0.046631
6064 0.021484 -1.002441 -0.040771
6076 0.021973 -1.000000 -0.035156
6088 0.025391 -0.995361 -0.048828
6099 0.023438 -0.997314 -0.040039
6111 0.017334 -0.994141 -0.041504
6123 0.019531 -0.999023 -0.032959
6135 0.021240 -0.998535 -0.046875
6147 0.020508 -0.995605 -0.041016
6158 0.020264 -0.995850 -0.038818
6170 0.023926 -0.999023 -0.025879
6182 0.020264 -0.994873 -0.035889
6194 0.022461 -0.998047 -0.043701
6206 0.026123 -0.995361 -0.045654
6218 0.023926 -0.999756 -0.048096
6229 0.027832 -0.996094 -0.039062
6241 0.017822 -1.001953 -0.036133
6253 0.019287 -0.999023 -0.037842
6265 0.021240 -0.999512 -0.035889
6277 0.021729 -0.997070 -0.038818
6289 0.020508 -0.997314 -0.036133
6300 0.019531 -0.991943 -0.038330
6312 0.020752 -0.999512 -0.033936
6324 0.024902 -0.990723 -0.038574
6336 0.022705 -0.999756 -0.034424
6348 0.020264 -0.997803 -0.033447
6360 0.026611 -0.996094 -0.036621
6371 0.024658 -1.000977 -0.043213
6383 0.023193 -0.995605 -0.041992
6395 0.022461 -0.999756 -0.042236
6407 0.024658 -0.999512 -0.050781
6419 0.024170 -0.996338 -0.047607
6430 0.019043 -0.994629 -0.032959
6442 0.023193 -0.998535 -0.042480
6454 0.021240 -1.001465 -0.039795
6466 0.021240 -1.000244 -0.030762
6478 0.022217 -0.995850 -0.043213
6490 0.023926 -0.996338 -0.036133
6501 0.023926 -0.997070 -0.047852
6513 0.019531 -1.001953 -0.036377
6525 0.021484 -0.995361 -0.045410
6537 0.020996 -0.997314 -0.041016
6549 0.030029 -0.998047 -0.038574
6561 0.026367 -0.990234 -0.037598
6572 0.022949 -0.997559 -0.041992
6584 0.025635 -1.000244 -0.041748
6596 0.028076 -0.995850 -0.042480
6608 0.020508 -0.994385 -0.038818
6620 0.025635 -0.991211 -0.038818
6632 0.020020 -0.998779 -0.047119
6643 0.022949 -1.000732 -0.039307
6655 0.030029 -1.003662 -0.039551
6667 0.023438 -1.000244 -0.040527
6679 0.021729 -0.993408 -0.048584
6691 0.026123 -0.989502 -0.046143
6703 0.021729 -0.997803 -0.045410
6714 0.023193 -0.995361 -0.050537
6726 0.014648 -1.004395 -0.038818
6738 0.025391 -0.992188 -0.042725
6750 0.022461 -0.998291 -0.029053
6762 0.024414 -0.997803 -0.035156
6773 0.021729 -1.002930 -0.046631
6785 0.024658 -1.000244 -0.050293
6797 0.021240 -0.998291 -0.043945
6809 0.025146 -0.995850 -0.032959
6821 0.027100 -0.994873 -0.042725
6833 0.022705 -1.003418 -0.045410
6844 0.025391 -1.002197 -0.031982
6856 0.022949 -0.991699 -0.044189
6868 0.033936 -0.998779 -0.041992
6880 0.021240 -0.995117 -0.042236
6892 0.022461 -0.992432 -0.049561
6904 0.019043 -0.997314 -0.044434
6915 0.020996 -0.997803 -0.036621
6927 0.027832 -0.995117 -0.037842
6939 0.016357 -0.993652 -0.046143
6951 0.022461 -0.990234 -0.035156
6963 0.014893 -0.999756 -0.044922
6975 0.023193 -1.005859 -0.032959
6986 0.028564 -0.999023 -0.045166
6998 0.025146 -0.993408 -0.040039
7010 0.025146 -0.993164 -0.045166
7022 0.019531 -1.001465 -0.037842
7034 0.012695 -0.998047 -0.039795
7046 0.017822 -0.998779 -0.049561
7057 0.021240 -0.998535 -0.042236
7069 0.026123 -0.994629 -0.046631
7081 0.021973 -0.999268 -0.039795
7093 0.025879 -1.000732 -0.047119
7105 0.021729 -1.000488 -0.037598
7116 0.023682 -0.997803 -0.040283
7128 0.027344 -0.998047 -0.033936
7140 0.021729 -0.995361 -0.041992
7152 0.027832 -0.994873 -0.041016
7164 0.033447 -1.000488 -0.043213
7176 0.019531 -0.994141 -0.039307
7187 0.023926 -0.998535 -0.040771
7199 0.023193 -0.996582 -0.057373
7211 0.023682 -0.992920 -0.043213
7223 0.018311 -0.994629 -0.034424
7235 0.022705 -1.003418 -0.038086
7247 0.029297 -0.998535 -0.040283
7258 0.028564 -0.997070 -0.045410
7270 0.025879 -0.997803 -0.042236
7282 0.017334 -0.993408 -0.048096
7294 0.026611 -0.998779 -0.041016
7306 0.024414 -0.994141 -0.039062
7318 0.021484 -0.996094 -0.046875
7329 0.028320 -1.001221 -0.043213
7341 0.015869 -0.995117 -0.039795
7353 0.020020 -0.999756 -0.038330
7365 0.022705 -0.995850 -0.043457
7377 0.020996 -0.998535 -0.033691
7389 0.023682 -0.996094 -0.046875
7400 0.023193 -0.997314 -0.028809
7412 0.022705 -0.995605 -0.045898
7424 0.024414 -0.990967 -0.039795
7436 0.022461 -1.001221 -0.049316
7448 0.023926 -0.995361 -0.044434
7459 0.020508 -1.000732 -0.041992
7471 0.025391 -0.996582 -0.047607
7483 0.026123 -0.997314 -0.035645
7495 0.020264 -0.996582 -0.042480
7507 0.025879 -1.000977 -0.043213
7519 0.020264 -1.000732 -0.032471
7530 0.022461 -1.000977 -0.037598
7542 0.023926 -1.000244 -0.046387
7554 0.017578 -0.994873 -0.047852
7566 0.028076 -0.996094 -0.034912
7578 0.028809 -1.003662 -0.032227
7590 0.019287 -1.004395 -0.038574
7601 0.026123 -0.997314 -0.039062
7613 0.023926 -0.990479 -0.036865
7625 0.021729 -0.996826 -0.045166
7637 0.021240 -0.996094 -0.034424
7649 0.023682 -0.998535 -0.031250
7660 0.022705 -0.992188 -0.041748
7672 0.021484 -0.997559 -0.046875
7684 0.020996 -0.999756 -0.032715
7696 0.026855 -0.994385 -0.046875
7708 0.022949 -0.996582 -0.044678
7720 0.025635 -0.995605 -0.039551
7731 0.019531 -0.996826 -0.030273
7743 0.027344 -0.996582 -0.043701
7755 0.020264 -0.992676 -0.037842
7767 0.025879 -1.000977 -0.045166
7779 0.022949 -0.998535 -0.041992
7791 0.020264 -0.992188 -0.040039
7802 0.024658 -0.995850 -0.039307
7814 0.022217 -0.990479 -0.041016
7826 0.023193 -0.993896 -0.043701
7838 0.024658 -1.001465 -0.042236
7850 0.023682 -0.999512 -0.048340
7861 0.023682 -0.998291 -0.032227
7873 0.027100 -1.000732 -0.046875
7885 0.027588 -1.000000 -0.038330
7897 0.019287 -0.997559 -0.044189
7909 0.021240 -1.004639 -0.036133
7921 0.023926 -0.991211 -0.044678
7932 0.026367 -1.004395 -0.031494
7944 0.020996 -1.002197 -0.037842
7956 0.020996 -1.005615 -0.030762
7968 0.024658 -1.002441 -0.037842
7980 0.029785 -0.999756 -0.048828
7992 0.027588 -0.999023 -0.035645
8003 0.029297 -0.996582 -0.041504
8015 0.024902 -0.994629 -0.037354
8027 0.019531 -0.997314 -0.038818
8039 0.016602 -0.995850 -0.043213
8051 0.024414 -1.001953 -0.038330
8063 0.030518 -0.998779 -0.042725
8074 0.021484 -0.999756 -0.044189
8086 0.026367 -0.999023 -0.045166
8098 0.031006 -0.995850 -0.041016
8110 0.025879 -1.002930 -0.044189
8122 0.018799 -0.995605 -0.047119
8134 0.022217 -0.997803 -0.035156
8145 0.022217 -0.995605 -0.040527
8157 0.022217 -0.995850 -0.044922
8169 0.018066 -0.999756 -0.028564
8181 0.019775 -1.002441 -0.033936
8193 0.020996 -0.996582 -0.037354
8204 0.023682 -0.994629 -0.032227
8216 0.027832 -1.001221 -0.044922
8228 0.028564 -1.003418 -0.040527
8240 0.022217 -0.995850 -0.032715
8252 0.020508 -0.995850 -0.045898
8264 0.023682 -0.994141 -0.044434
8275 0.023926 -0.998047 -0.040039
8287 0.015869 -0.997803 -0.050781
8299 0.026123 -0.996094 -0.033936
8311 0.022705 -0.997559 -0.045654
8323 0.025635 -0.995361 -0.031006
8335 0.024414 -0.997803 -0.049316
8346 0.022705 -1.006836 -0.043457
8358 0.022949 -1.001709 -0.046875
8370 0.024414 -1.002441 -0.052246
8382 0.029541 -0.998779 -0.035400
8394 0.025635 -0.999756 -0.036133
8406 0.020508 -1.000244 -0.040283
8417 0.024170 -1.000732 -0.029053
8429 0.030273 -0.994629 -0.038574
8441 0.020508 -0.998535 -0.040039
8453 0.028076 -1.002197 -0.040771
8465 0.019287 -0.999756 -0.035889
8477 0.017822 -0.995850 -0.041016
8488 0.022217 -0.995605 -0.044189
8500 0.024658 -0.998291 -0.044678
8512 0.025391 -0.996094 -0.042236
8524 0.027100 -0.997314 -0.039307
8536 0.020996 -0.999512 -0.038330
8547 0.020996 -0.997803 -0.038330
8559 0.019043 -0.993408 -0.043213
8571 0.025879 -1.000732 -0.042236
8583 0.020996 -0.995605 -0.041016
8595 0.030273 -0.995117 -0.044189
8607 0.017822 -0.999268 -0.031982
8618 0.017822 -0.996338 -0.048340
8630 0.022217 -0.997559 -0.042969
8642 0.018799 -0.999023 -0.026367
8654 0.018799 -0.999512 -0.033447
8666 0.029785 -1.001465 -0.039795
8678 0.027100 -0.996582 -0.037842
8689 0.026123 -0.994385 -0.045410
8701 0.024170 -0.998047 -0.040771
8713 0.027832 -1.002197 -0.036377
8725 0.024170 -0.998535 -0.039795
8737 0.027344 -0.998291 -0.048584
8749 0.023682 -0.990234 -0.032471
8760 0.020264 -0.995361 -0.045898
8772 0.022461 -0.990234 -0.038574
8784 0.020020 -0.996338 -0.043213
8796 0.024170 -1.000000 -0.036621
8808 0.027100 -0.993652 -0.041016
8820 0.030762 -0.997559 -0.035156
8831 0.024658 -0.996826 -0.040039
8843 0.024170 -1.000732 -0.043945
8855 0.022949 -1.000732 -0.032227
8867 0.025391 -0.995605 -0.028320
8879 0.017334 -0.998047 -0.044678
8890 0.021240 -1.002686 -0.040039
8902 0.013672 -1.000977 -0.036133
8914 0.025146 -0.998291 -0.039551
8926 0.021729 -0.997070 -0.033447
8938 0.022461 -1.001953 -0.054688
8950 0.022949 -1.002197 -0.040039
8961 0.020996 -0.994385 -0.030518
8973 0.024902 -0.995605 -0.034912
8985 0.022705 -0.999512 -0.040771
8997 0.025635 -0.997803 -0.050781
9009 0.027100 -1.000000 -0.043945
9021 0.021973 -0.994141 -0.043457
9032 0.024170 -0.995117 -0.042236
9044 0.027100 -0.998535 -0.038574
9056 0.017578 -0.998535 -0.034424
9068 0.023193 -0.996826 -0.045654
9080 0.023438 -0.995850 -0.034180
9091 0.018066 -0.996582 -0.037842
9103 0.017334 -0.992676 -0.049805
9115 0.021729 -0.995361 -0.031250
9127 0.021240 -0.998779 -0.040283
9139 0.026611 -0.994629 -0.037109
9151 0.023193 -1.000977 -0.043945
9162 0.020020 -0.991699 -0.045898
9174 0.024902 -1.001953 -0.036865
9186 0.021240 -1.000977 -0.039795
9198 0.026367 -0.994873 -0.050293
9210 0.018311 -1.000000 -0.040283
9222 0.023682 -0.997559 -0.044189
9233 0.025146 -0.994629 -0.041016
9245 0.027100 -0.995117 -0.043213
9257 0.024414 -0.997070 -0.034912
9269 0.022461 -0.994385 -0.032227
9281 0.026367 -1.002197 -0.037354
9293 0.020264 -0.998047 -0.041016
9304 0.021240 -0.994385 -0.035889
9316 0.022217 -0.998535 -0.048828
9328 0.022461 -0.997559 -0.043213
9340 0.022461 -0.993896 -0.038330
9352 0.029785 -0.992676 -0.035400
9364 0.018311 -0.996826 -0.040771
9375 0.019775 -0.997070 -0.035645
9387 0.014648 -0.993652 -0.033936
9399 0.025879 -0.993408 -0.050049
9411 0.023438 -0.996582 -0.042725
9423 0.016846 -1.000488 -0.037598
9434 0.021484 -0.999756 -0.037598
9446 0.028076 -0.995361 -0.047852
9458 0.025391 -0.993408 -0.045166
9470 0.020020 -0.993164 -0.056641
9482 0.022949 -0.998291 -0.051025
9494 0.025146 -0.996338 -0.048096
9505 0.021729 -1.002930 -0.043457
9517 0.027588 -0.995850 -0.032715
9529 0.027100 -0.999268 -0.044922
9541 0.023193 -0.992188 -0.049561
9553 0.020264 -0.987793 -0.046875
9565 0.023682 -0.999023 -0.031982
9576 0.027100 -0.997314 -0.048584
9588 0.024170 -0.993652 -0.041992
9600 0.015381 -0.999023 -0.037842
9612 0.021484 -0.993652 -0.049561
9624 0.026123 -0.997314 -0.040039
9635 0.023193 -1.000488 -0.038818
9647 0.023926 -0.998047 -0.042236
9659 0.022949 -0.996338 -0.033936
9671 0.027344 -0.992920 -0.052002
9683 0.028076 -0.995117 -0.040039
9695 0.016357 -0.989502 -0.042236
9706 0.025146 -0.994629 -0.036133
9718 0.026855 -1.004395 -0.039795
9730 0.027100 -0.993408 -0.046387
9742 0.026855 -0.998291 -0.037598
9754 0.025391 -1.000000 -0.038574
9766 0.017822 -0.995361 -0.042236
9777 0.021973 -1.000244 -0.036865
9789 0.026855 -0.996094 -0.043213
9801 0.025879 -0.993896 -0.049805
9813 0.018799 -0.998535 -0.047607
9825 0.024414 -0.999023 -0.039062
9836 0.030029 -0.999512 -0.037109
9848 0.025391 -0.994385 -0.044678
9860 0.021729 -0.992920 -0.043213
9872 0.020996 -1.000977 -0.042236
9884 0.021729 -0.998291 -0.042236
9896 0.021484 -0.995850 -0.035156
9907 0.020264 -1.001709 -0.032227
9919 0.024170 -0.999756 -0.041748
9931 0.021729 -0.999512 -0.037354
9943 0.031494 -0.997559 -0.039551
9955 0.023682 -0.998535 -0.038086
9967 0.023438 -0.998291 -0.041992
9978 0.025635 -0.996094 -0.039062
9990 0.023438 -0.996338 -0.042725
10002 0.022705 -1.005127 -0.037354
10014 0.020508 -0.996338 -0.048584
10026 0.025635 -1.002197 -0.039062
10037 0.019287 -0.992676 -0.049072
10049 0.021729 -1.000244 -0.045898
10061 0.023193 -1.003418 -0.040771
10073 0.018799 -0.991455 -0.031738
10085 0.018311 -1.003174 -0.041748
10097 0.019531 -0.995850 -0.036133
10108 0.028320 -0.994629 -0.040283
10120 0.021973 -0.995605 -0.042236
10132 0.024170 -0.995850 -0.039795
10144 0.025391 -1.000244 -0.034424
10156 0.031494 -0.998779 -0.036377
10168 0.017578 -1.000000 -0.042725
10179 0.019287 -0.999756 -0.048828
10191 0.024902 -1.001953 -0.040527
10203 0.015381 -0.997559 -0.037842
10215 0.021973 -0.994873 -0.045166
10227 0.025879 -0.997803 -0.036621
10238 0.026123 -0.995361 -0.037354
10250 0.017090 -0.998535 -0.038086
10262 0.024414 -0.999512 -0.039062
10274 0.027832 -0.999268 -0.039551
10286 0.014893 -1.005127 -0.033691
10298 0.021240 -0.996338 -0.037842
10309 0.025635 -0.994629 -0.036133
10321 0.020264 -0.997559 -0.037598
10333 0.023682 -0.996338 -0.036621
10345 0.019531 -1.000488 -0.037842
10357 0.024902 -0.999023 -0.043701
10369 0.028809 -0.996338 -0.029785
10380 0.023193 -0.998535 -0.052246
10392 0.019531 -0.994629 -0.040039
10404 0.016602 -0.998047 -0.043213
10416 0.029785 -0.991699 -0.037842
10428 0.023438 -0.992188 -0.041748
10439 0.020020 -0.997314 -0.033691
10451 0.020508 -0.998047 -0.032227
10463 0.022949 -1.000977 -0.045898
10475 0.024170 -0.994629 -0.045410
10487 0.021484 -0.999512 -0.036865
10499 0.024658 -0.999512 -0.041748
10510 0.023193 -1.001709 -0.036865
10522 0.031494 -0.998535 -0.043701
10534 0.014893 -0.998535 -0.037354
10546 0.021484 -0.996582 -0.041992
10558 0.023438 -1.002930 -0.045410
10570 0.016846 -1.000488 -0.031982
10581 0.020020 -0.998779 -0.038818
10593 0.026123 -0.992188 -0.041992
10605 0.027588 -0.999512 -0.049805
10617 0.020996 -0.991699 -0.044922
10629 0.021729 -0.999512 -0.036133
10640 0.025879 -0.992920 -0.042236
10652 0.024658 -1.000244 -0.036621
10664 0.025391 -0.995850 -0.045166
10676 0.020508 -0.995850 -0.040283
10688 0.022949 -0.998535 -0.040527
10700 0.015869 -0.998291 -0.058350
10711 0.020264 -0.994629 -0.037354
10723 0.017822 -0.997070 -0.041748
10735 0.023193 -1.003906 -0.045898
10747 0.015869 -0.998779 -0.039551
10759 0.021240 -0.996826 -0.032227
10770 0.024658 -0.995605 -0.032471
10782 0.023682 -0.997559 -0.039307
10794 0.018799 -1.000244 -0.031738
10806 0.026855 -1.004639 -0.039551
10818 0.019287 -1.001465 -0.033203
10830 0.023682 -0.995605 -0.034912
10841 0.022461 -1.001709 -0.035156
10853 0.021240 -0.996826 -0.051025
10865 0.016357 -0.993408 -0.037109
10877 0.027344 -0.994629 -0.042725
10889 0.024170 -0.998291 -0.040039
10901 0.026123 -0.995605 -0.041504
10912 0.023926 -0.995117 -0.041992
10924 0.023682 -0.996338 -0.041504
10936 0.023438 -0.994141 -0.035889
10948 0.024414 -0.993652 -0.034912
10960 0.026123 -1.000244 -0.040039
10972 0.022461 -1.000488 -0.044922
10983 0.020264 -0.996582 -0.041504
10995 0.024658 -0.997803 -0.041748
11007 0.025879 -1.000977 -0.042969
11019 0.019043 -0.999023 -0.044922
11031 0.023193 -0.995117 -0.043701
11042 0.025391 -0.999756 -0.037354
11054 0.025879 -0.995850 -0.038330
11066 0.021240 -0.998047 -0.044678
11078 0.020752 -0.992432 -0.035645
11090 0.023926 -0.993896 -0.033203
11102 0.022705 -0.998047 -0.044678
11113 0.022705 -0.997314 -0.033447
11125 0.030029 -1.000000 -0.036377
11137 0.018555 -0.997559 -0.040771
11149 0.025146 -0.995361 -0.038574
11161 0.020996 -0.999512 -0.040039
11173 0.028076 -1.000732 -0.039062
11184 0.022217 -0.993652 -0.043457
11196 0.020508 -1.001221 -0.036865
11208 0.025391 -1.001953 -0.042969
11220 0.023193 -0.989258 -0.046387
11232 0.025391 -0.997803 -0.033203
11243 0.019531 -0.996338 -0.042725
11255 0.019775 -0.999023 -0.030029
11267 0.028809 -0.997070 -0.037842
11279 0.027100 -0.996338 -0.037109
11291 0.024902 -0.999023 -0.049561
11303 0.020264 -0.995361 -0.044678
11314 0.022705 -1.000977 -0.044434
11326 0.020508 -0.996582 -0.045654
11338 0.022705 -0.998291 -0.038818
11350 0.023926 -1.003418 -0.036377
11362 0.020508 -0.995850 -0.039307
11374 0.021484 -0.999756 -0.043945
11385 0.021973 -0.999756 -0.041016
11397 0.026855 -0.999512 -0.040039
11409 0.022949 -0.999756 -0.038574
11421 0.020264 -0.994385 -0.041016
11433 0.018066 -1.001221 -0.042969
11445 0.020508 -0.997559 -0.037842
11456 0.028809 -0.998535 -0.033691
11468 0.027100 -1.001221 -0.042480
11480 0.015869 -0.992676 -0.043945
11492 0.024902 -0.996826 -0.036865
11504 0.020996 -0.997559 -0.043945
11515 0.024414 -1.003174 -0.035889
11527 0.017578 -1.002686 -0.037109
11539 0.020508 -0.996338 -0.035156
11551 0.024414 -0.993896 -0.038818
11563 0.021484 -0.996338 -0.039307
11575 0.020996 -1.003906 -0.038818
11586 0.023926 -0.997070 -0.035156
11598 0.026611 -0.996338 -0.028076
11610 0.020508 -0.994385 -0.043945
11622 0.024414 -0.997314 -0.042236
11634 0.022705 -1.002197 -0.041504
11646 0.032715 -1.001709 -0.042725
11657 0.023926 -0.999023 -0.038086
11669 0.027100 -0.998535 -0.044434
11681 0.020996 -0.995850 -0.028320
11693 0.030273 -0.995361 -0.034668
11705 0.023682 -0.995850 -0.033691
11717 0.023438 -0.998291 -0.035645
11728 0.022949 -1.002686 -0.047363
11740 0.020752 -1.002441 -0.029053
11752 0.019287 -0.992920 -0.050537
11764 0.015869 -0.996826 -0.042725
11776 0.022461 -0.988525 -0.040039
11787 0.022705 -1.002930 -0.037354
11799 0.025146 -1.002930 -0.041748
11811 0.024902 -0.998291 -0.041504
11823 0.025391 -0.995850 -0.043701
11835 0.018799 -0.995361 -0.053711
11847 0.023682 -0.998047 -0.042236
11858 0.025879 -0.994141 -0.045410
11870 0.026367 -0.993408 -0.032715
11882 0.019043 -0.996826 -0.033691
11894 0.017822 -1.001465 -0.035156
11906 0.027588 -0.997314 -0.029541
11918 0.021484 -0.997803 -0.044922
11929 0.013428 -0.997559 -0.041260
11941 0.032959 -0.990967 -0.030273
11953 0.024658 -0.992676 -0.039307
11965 0.019287 -0.998535 -0.046631
11977 0.020508 -0.997803 -0.056641
11988 0.022461 -0.989746 -0.043945
12000 0.028320 -0.995605 -0.046387
12012 0.023926 -0.999268 -0.034424
12024 0.022461 -0.999512 -0.043457
12036 0.024902 -1.002930 -0.044434
12048 0.017334 -1.003174 -0.045654
12059 0.020020 -0.997803 -0.038330
12071 0.029297 -1.004395 -0.035889
12083 0.022705 -0.993896 -0.042725
12095 0.019775 -0.995605 -0.039551
12107 0.015381 -0.990723 -0.037598
12119 0.025879 -0.998779 -0.040283
12130 0.018555 -0.994385 -0.041992
12142 0.024658 -0.990967 -0.039307
12154 0.024170 -0.997559 -0.048096
12166 0.020020 -0.995117 -0.034912
12178 0.021484 -0.998291 -0.037109
12189 0.015869 -0.994385 -0.043457
12201 0.017822 -0.993652 -0.047852
12213 0.021729 -0.996094 -0.046387
12225 0.026123 -0.995605 -0.034180
12237 0.023926 -0.998535 -0.040039
12249 0.028320 -0.998779 -0.047852
12260 0.022461 -1.001221 -0.032715
12272 0.025879 -0.994629 -0.033447
12284 0.020508 -0.997070 -0.042725
12296 0.021729 -1.000244 -0.050293
12308 0.022705 -0.997559 -0.038330
12320 0.018066 -0.999756 -0.041504
12331 0.024658 -0.995361 -0.034180
12343 0.021729 -0.997559 -0.036133
12355 0.022217 -0.991455 -0.051514
12367 0.016113 -0.995117 -0.046875
12379 0.025391 -0.992188 -0.036621
12391 0.019531 -0.993408 -0.049805
12402 0.024170 -0.990967 -0.039307
12414 0.026855 -0.992676 -0.037842
12426 0.032227 -0.998291 -0.045410
12438 0.021240 -0.994141 -0.036865
12450 0.023193 -0.998535 -0.038818
12461 0.030273 -1.001709 -0.037842
12473 0.025635 -1.002197 -0.035400
12485 0.023193 -0.990479 -0.049805
12497 0.021973 -0.993896 -0.044434
12509 0.029297 -0.993652 -0.038330
12521 0.024658 -0.994141 -0.048096
12532 0.022217 -0.997803 -0.040527
12544 0.019043 -0.989746 -0.040039
12556 0.023682 -0.996338 -0.042480
12568 0.025879 -0.997803 -0.033447
12580 0.021973 -0.999268 -0.037842
12592 0.028564 -0.998291 -0.046631
12603 0.019043 -0.999023 -0.035645
12615 0.029297 -0.999512 -0.044434
12627 0.028076 -0.995117 -0.045898
12639 0.026123 -0.996094 -0.047607
12651 0.021729 -0.996826 -0.039795
12663 0.028564 -0.999756 -0.036865
12674 0.026855 -0.996582 -0.040527
12686 0.019531 -1.000488 -0.039307
12698 0.019531 -0.992188 -0.046143
12710 0.016113 -0.999512 -0.037109
12722 0.028809 -1.002441 -0.039551
12733 0.023193 -0.993164 -0.048828
12745 0.026855 -1.001221 -0.043701
12757 0.024658 -0.998047 -0.039795
12769 0.026123 -0.994873 -0.045166
12781 0.020996 -0.993896 -0.033691
12793 0.023682 -0.999023 -0.045898
12804 0.025635 -0.998291 -0.037842
12816 0.023193 -0.996826 -0.039062
12828 0.024902 -0.993164 -0.036133
12840 0.023682 -1.002930 -0.046387
12852 0.021240 -0.998779 -0.041504
12863 0.025635 -0.999512 -0.037842
12875 0.022461 -0.992676 -0.035400
12887 0.021729 -1.000488 -0.045410