1061 -0.054932 0.008545 0.949951
1073 -0.064941 0.000488 0.943848
1085 -0.058594 0.000977 0.962402
1097 -0.063232 0.010254 0.949219
1108 -0.065430 0.002930 0.946045
1120 -0.059570 0.005615 0.956055
1132 -0.054199 0.007812 0.946777
1144 -0.056641 0.002686 0.948486
1156 -0.063477 -0.001709 0.958740
1168 -0.064453 0.003418 0.952881
1180 -0.053711 0.003906 0.953613
1191 -0.065918 0.009521 0.951172
1203 -0.054443 -0.001953 0.959473
1215 -0.061279 0.005615 0.947266
1227 -0.060791 -0.005127 0.949463
1239 -0.056641 0.003662 0.952148
1251 -0.061768 0.004639 0.944824
1263 -0.062744 0.005127 0.953125
1275 -0.060303 0.003662 0.947998
1286 -0.060547 0.008789 0.964111
1298 -0.061035 0.006348 0.959717
1310 -0.055176 0.003906 0.946533
1322 -0.056885 0.004639 0.951172
1334 -0.059570 0.001465 0.958496
1346 -0.055420 0.000488 0.966309
1358 -0.063477 0.003906 0.958008
1370 -0.059570 0.000488 0.959473
1382 -0.061279 0.005127 0.951904
1393 -0.060547 -0.001953 0.958984
1405 -0.057373 0.005371 0.951904
1417 -0.060059 0.007812 0.949707
1429 -0.059326 0.005859 0.948975
1441 -0.057129 -0.001221 0.941650
1453 -0.060547 -0.001709 0.949951
1465 -0.062744 0.002197 0.947021
1477 -0.058105 0.001709 0.957275
1488 -0.058838 -0.000977 0.954590
1500 -0.059082 0.005859 0.953125
1512 -0.054688 0.005127 0.951904
1524 -0.059326 0.003662 0.963623
1536 -0.062500 0.005859 0.948730
1548 -0.060791 0.002686 0.953857
1560 -0.055908 0.004150 0.954834
1572 -0.061768 -0.001709 0.948486
1584 -0.062256 0.010742 0.956543
1595 -0.052246 0.004883 0.955566
1607 -0.061768 0.005859 0.947998
1619 -0.063232 0.000732 0.952637
1631 -0.057373 0.001465 0.958740
1643 -0.064209 0.006348 0.946045
1655 -0.058594 -0.001465 0.952637
1667 -0.053467 0.002197 0.958008
1679 -0.060547 0.005615 0.951416
1690 -0.058350 0.006836 0.953125
1702 -0.064697 0.006592 0.951904
1714 -0.059082 0.002686 0.958496
1726 -0.057129 0.007324 0.947021
1738 -0.061035 -0.001221 0.944336
1750 -0.060547 0.002930 0.946289
1762 -0.060059 0.002197 0.958496
1774 -0.054932 0.000732 0.943359
1786 -0.058594 0.002441 0.953613
1797 -0.053467 0.003662 0.949463
1809 -0.058350 0.004883 0.947754
1821 -0.063721 0.000977 0.955078
1833 -0.058350 0.005859 0.950195
1845 -0.065674 -0.000732 0.948730
1857 -0.059570 0.003418 0.944092
1869 -0.062500 -0.000488 0.952148
1881 -0.055908 -0.005127 0.950195
1893 -0.055664 0.003418 0.951904
1904 -0.060303 0.001709 0.968506
1916 -0.051270 0.005371 0.948730
1928 -0.056641 0.010010 0.958252
1940 -0.055420 0.005859 0.954102
1952 -0.056152 0.000488 0.940674
1964 -0.053711 0.004639 0.959473
1976 -0.055908 0.003174 0.948730
1988 -0.061279 0.002930 0.948975
1999 -0.059326 0.002686 0.953369
2011 -0.054932 -0.002197 0.943115
2023 -0.059570 0.012451 0.958008
2035 -0.050293 0.000244 0.949219
2047 -0.060791 0.006592 0.947266
2059 -0.062500 0.000977 0.953613
2071 -0.054932 -0.003418 0.954102
2083 -0.065674 -0.002686 0.953613
2095 -0.056641 0.001465 0.950684
2106 -0.057861 0.004150 0.949951
2118 -0.062500 -0.000244 0.957031
2130 -0.061035 0.005615 0.953857
2142 -0.060059 0.003418 0.949463
2154 -0.063965 0.000977 0.948975
2166 -0.059814 0.002686 0.951904
2178 -0.063477 0.003174 0.951172
2190 -0.059814 0.001709 0.950928
2202 -0.063477 0.012695 0.951904
2213 -0.057129 -0.002441 0.946045
2225 -0.057617 0.006104 0.942871
2237 -0.052246 0.004639 0.954102
2249 -0.059326 0.005127 0.956543
2261 -0.060303 0.006592 0.949463
2273 -0.062012 0.009033 0.946289
2285 -0.058105 0.005127 0.947998
2297 -0.056641 0.001953 0.955566
2309 -0.054443 0.005371 0.961914
2320 -0.054199 0.002197 0.951904
2332 -0.058838 0.004395 0.953369
2344 -0.061768 0.004150 0.954102
2356 -0.059082 0.000977 0.953613
2368 -0.060059 0.000000 0.966309
2380 -0.062256 0.003174 0.956299
2392 -0.059814 0.001465 0.959229
2404 -0.060303 0.011230 0.951172
2416 -0.054932 0.006592 0.948975
2427 -0.058350 0.003418 0.949219
2439 -0.063721 0.005615 0.944824
2451 -0.054932 0.003418 0.953613
2463 -0.063965 -0.001953 0.943604
2475 -0.065430 -0.000977 0.957275
2487 -0.058594 0.001465 0.945312
2499 -0.056641 0.003174 0.951904
2511 -0.057617 0.007812 0.955811
2522 -0.054688 0.005127 0.956543
2534 -0.056152 -0.000488 0.959961
2546 -0.059814 0.000244 0.950439
2558 -0.059326 -0.002686 0.949219
2570 -0.062988 0.002686 0.949463
2582 -0.060303 0.000244 0.960938
2594 -0.052490 0.000732 0.960449
2606 -0.057373 -0.001465 0.964355
2618 -0.055420 0.001953 0.953857
2629 -0.060303 0.005615 0.944336
2641 -0.064941 0.001953 0.948242
2653 -0.062256 0.002686 0.953857
2665 -0.059570 0.007568 0.953613
2677 -0.059814 -0.002441 0.954346
2689 -0.055908 0.000977 0.949463
2701 -0.058838 -0.003906 0.951416
2713 -0.058350 0.009033 0.948242
2724 -0.055664 0.004883 0.952393
2736 -0.062988 0.004639 0.945557
2748 -0.059326 0.003906 0.950195
2760 -0.052246 0.000732 0.946289
2772 -0.056396 0.008301 0.953369
2784 -0.060547 0.000244 0.952637
2796 -0.058594 0.003174 0.942871
2808 -0.062012 0.006348 0.959473
2820 -0.060547 0.007324 0.952881
2831 -0.061035 0.002686 0.958008
2843 -0.059082 0.006836 0.939209
2855 -0.060303 0.004639 0.953369
2867 -0.054199 0.009521 0.958252
2879 -0.061279 0.003418 0.951904
2891 -0.061768 0.000000 0.950684
2903 -0.060059 0.005127 0.947266
2915 -0.059814 0.008057 0.957520
2927 -0.056641 0.003662 0.958008
2938 -0.061523 0.006104 0.961182
2950 -0.054932 0.002197 0.950928
2962 -0.058838 0.011475 0.949463
2974 -0.056396 -0.003174 0.951416
2986 -0.060791 0.003418 0.948242
2998 -0.058105 -0.001465 0.954346
3010 -0.062256 0.006592 0.958496
3022 -0.070312 0.000732 0.953857
3033 -0.061768 0.006836 0.950684
3045 -0.057861 0.003418 0.950439
3057 -0.061279 0.003418 0.957764
3069 -0.057129 0.001709 0.956787
3081 -0.056641 0.003906 0.953613
3093 -0.062744 0.003662 0.953857
3105 -0.056641 0.005127 0.945801
3117 -0.065186 0.000488 0.955811
3128 -0.054932 -0.001953 0.963867
3140 -0.052002 0.006836 0.949707
3152 -0.054688 0.004395 0.952148
3164 -0.057373 0.000977 0.948486
3176 -0.059570 0.006592 0.947021
3188 -0.058105 0.006836 0.956055
3200 -0.056885 -0.000488 0.944824
3212 -0.054688 0.006104 0.953857
3224 -0.062256 0.005127 0.953125
3235 -0.054688 0.005859 0.947266
3247 -0.054932 0.001465 0.951660
3259 -0.058594 0.008789 0.947266
3271 -0.055664 0.001465 0.956055
3283 -0.060791 0.006104 0.952393
3295 -0.057861 -0.000977 0.951660
3307 -0.057861 -0.003418 0.958252
3319 -0.061279 0.000977 0.953857
3330 -0.059570 -0.000488 0.953369
3342 -0.056396 -0.003662 0.952637
3354 -0.058350 0.006104 0.955811
3366 -0.058350 0.005859 0.957031
3378 -0.060547 0.000000 0.961670
3390 -0.057129 0.008301 0.950195
3402 -0.057861 0.006348 0.953613
3414 -0.062744 0.004150 0.961670
3426 -0.053955 -0.001709 0.948975
3437 -0.057861 -0.001709 0.946045
3449 -0.061279 0.009277 0.954834
3461 -0.059082 0.009521 0.951172
3473 -0.058594 0.004395 0.950684
3485 -0.057373 0.010254 0.947998
3497 -0.057373 0.003662 0.963135
3509 -0.058838 0.003906 0.961182
3521 -0.056641 0.000732 0.954834
3533 -0.062744 0.007568 0.948486
3544 -0.059082 0.006348 0.946045
3556 -0.061768 0.002930 0.951416
3568 -0.055664 0.003906 0.963867
3580 -0.056396 0.003662 0.940186
3592 -0.055908 0.005127 0.954102
3604 -0.049316 0.005127 0.939697
3616 -0.051270 0.003174 0.955811
3628 -0.059570 -0.001465 0.960693
3640 -0.060059 0.003662 0.953857
3651 -0.060303 0.005859 0.946045
3663 -0.065430 0.004150 0.954590
3675 -0.055176 -0.002441 0.956543
3687 -0.054443 0.002197 0.947510
3699 -0.060059 0.008057 0.959473
3711 -0.058838 0.001709 0.952148
3723 -0.054443 0.007812 0.966064
3735 -0.056641 0.004883 0.945557
3746 -0.061035 0.002441 0.953613
3758 -0.061523 0.004639 0.947754
3770 -0.056396 0.005859 0.957764
3782 -0.053711 0.001953 0.960693
3794 -0.058838 -0.002686 0.950928
3806 -0.057617 0.008057 0.957031
3818 -0.056152 0.002441 0.957275
3830 -0.056396 0.004395 0.946777
3842 -0.059082 0.011230 0.957764
3853 -0.063721 -0.001953 0.946533
3865 -0.052490 0.000244 0.956055
3877 -0.060791 0.003418 0.951660
3889 -0.056396 0.001465 0.963867
3901 -0.059814 0.001465 0.955078
3913 -0.061035 0.003174 0.961670
3925 -0.054443 0.007080 0.947754
3937 -0.060059 -0.001709 0.949707
3948 -0.046143 0.006836 0.958740
3960 -0.051270 0.000732 0.944092
3972 -0.060547 0.002930 0.958008
3984 -0.057373 0.003418 0.952881
3996 -0.062500 0.006592 0.949707
4008 -0.059814 -0.003906 0.948730
4020 -0.052002 0.003662 0.955566
4032 -0.061035 0.000244 0.947266
4044 -0.055664 0.000977 0.950928
4055 -0.058594 0.004639 0.947266
4067 -0.063477 0.008301 0.954834
4079 -0.068604 0.000977 0.942139
4091 -0.059814 -0.001465 0.955322
4103 -0.060791 0.003174 0.967529
4115 -0.054688 0.004150 0.944336
4127 -0.059082 0.001953 0.957031
4139 -0.058594 0.003906 0.955811
4151 -0.063232 0.003174 0.956055
4162 -0.061523 -0.000244 0.954834
4174 -0.060303 -0.000732 0.948730
4186 -0.058838 0.008057 0.957275
4198 -0.060303 -0.001465 0.961914
4210 -0.065186 0.001465 0.947266
4222 -0.058838 -0.000732 0.953613
4234 -0.056641 0.000732 0.956787
4246 -0.055176 0.005127 0.943604
4257 -0.054443 0.001465 0.949951
4269 -0.061768 -0.000244 0.939941
4281 -0.062744 -0.000732 0.956787
4293 -0.062744 0.002197 0.944092
4305 -0.058105 0.004150 0.949219
4317 -0.062012 0.002686 0.950439
4329 -0.057617 -0.000977 0.945557
4341 -0.059570 -0.000977 0.956055
4353 -0.053467 0.004883 0.959473
4364 -0.063232 -0.004639 0.946777
4376 -0.064941 0.008057 0.946045
4388 -0.062988 0.003174 0.954834
4400 -0.057861 0.001953 0.959961
4412 -0.053467 0.001465 0.955322
4424 -0.060791 0.000244 0.949951
4436 -0.051514 0.000244 0.948242
4448 -0.058594 0.001709 0.948975
4459 -0.058594 0.002930 0.949463
4471 -0.059570 0.002197 0.953613
4483 -0.061768 0.004883 0.957031
4495 -0.061035 0.010254 0.950439
4507 -0.057617 -0.001221 0.955811
4519 -0.063232 0.006836 0.961914
4531 -0.064453 0.001953 0.954834
4543 -0.062012 0.000244 0.949463
4555 -0.060547 0.003418 0.945068
4566 -0.057617 0.004395 0.950195
4578 -0.052734 0.010254 0.949707
4590 -0.057861 0.004639 0.951660
4602 -0.051270 -0.001709 0.956543
4614 -0.059570 0.005127 0.948730
4626 -0.059814 0.000488 0.953613
4638 -0.064697 0.005615 0.946045
4650 -0.059326 0.005859 0.947998
4661 -0.061768 0.007568 0.955811
4673 -0.060059 0.005127 0.949463
4685 -0.058594 0.004639 0.945557
4697 -0.058838 0.001953 0.958740
4709 -0.055420 0.004883 0.952881
4721 -0.050049 0.002441 0.954346
4733 -0.054932 0.006592 0.952148
4745 -0.054199 0.005859 0.946045
4757 -0.060791 0.006348 0.953613
4768 -0.061768 -0.000244 0.955322
4780 -0.059570 0.003906 0.951660
4792 -0.060791 0.001709 0.946045
4804 -0.058594 0.004639 0.936035
4816 -0.062012 -0.001221 0.947266
4828 -0.052979 0.006592 0.950928
4840 -0.059814 0.000488 0.951416
4852 -0.063232 0.001953 0.955322
4863 -0.052490 -0.000244 0.955811
4875 -0.053223 0.004150 0.937744
4887 -0.059326 0.000244 0.955811
4899 -0.058838 -0.002686 0.954102
4911 -0.062744 0.002441 0.950439
4923 -0.060059 0.009277 0.948242
4935 -0.057617 0.002930 0.957031
4947 -0.054443 0.004639 0.952393
4959 -0.056396 -0.001709 0.948730
4970 -0.063477 0.008057 0.948242
4982 -0.062012 0.001953 0.950684
4994 -0.063232 0.004639 0.949219
5006 -0.055664 0.003174 0.943604
5018 -0.063721 0.004150 0.955322
5030 -0.053711 0.001709 0.956787
5042 -0.051025 0.001221 0.947998
5054 -0.062256 0.001465 0.961182
5066 -0.060791 0.003906 0.957275
5077 -0.058105 -0.001221 0.956543
5089 -0.058105 0.004395 0.947754
5101 -0.055420 -0.000488 0.951416
5113 -0.060547 0.008057 0.949951
5125 -0.055664 0.003418 0.947266
5137 -0.059570 0.000000 0.957275
5149 -0.059326 0.003906 0.946289
5161 -0.066406 0.000732 0.955322
5172 -0.057129 0.004883 0.958008
5184 -0.063232 0.001221 0.948242
5196 -0.065430 -0.000488 0.947510
5208 -0.054932 0.006836 0.952148
5220 -0.060303 0.003662 0.943848
5232 -0.063232 0.000488 0.948486
5244 -0.063965 0.004883 0.958496
5256 -0.058105 0.002686 0.947754
5268 -0.064453 0.007568 0.943848
5279 -0.056885 0.000977 0.956055
5291 -0.056641 0.004395 0.943848
5303 -0.055908 0.004150 0.953613
5315 -0.055908 -0.001221 0.947021
5327 -0.063965 -0.000244 0.951904
5339 -0.060547 0.010010 0.954590
5351 -0.056885 0.007568 0.948975
5363 -0.054932 0.000977 0.953613
5375 -0.061523 0.001953 0.946045
5386 -0.059082 -0.000488 0.954834
5398 -0.058350 0.009033 0.949951
5410 -0.054443 0.006348 0.967773
5422 -0.062988 0.008301 0.944824
5434 -0.061523 0.000244 0.960205
5446 -0.054199 0.005127 0.952393
5458 -0.057129 -0.001953 0.957520
5470 -0.057617 0.007080 0.946777
5481 -0.056152 0.002930 0.948242
5493 -0.064941 0.004150 0.949463
5505 -0.056885 0.009277 0.957031
5517 -0.054688 -0.001709 0.946777
5529 -0.061768 0.000977 0.954346
5541 -0.058105 0.006104 0.949951
5553 -0.056152 0.010254 0.953369
5565 -0.058594 0.002686 0.955322
5577 -0.059326 0.002197 0.949951
5588 -0.057373 0.000977 0.956055
5600 -0.056641 0.001465 0.947510
5612 -0.062012 -0.001221 0.959961
5624 -0.067139 0.001465 0.953613
5636 -0.054932 0.000488 0.956055
5648 -0.055176 0.000488 0.954590
5660 -0.053467 0.005859 0.964111
5672 -0.058105 0.005615 0.950195
5684 -0.059082 0.004883 0.959473
5695 -0.060059 0.001953 0.949951
5707 -0.063232 -0.005859 0.947510
5719 -0.064697 -0.004395 0.958984
5731 -0.057617 0.002930 0.948730
5743 -0.059082 0.005615 0.962402
5755 -0.058594 -0.000977 0.952148
5767 -0.051270 0.006104 0.947510
5779 -0.055908 -0.005371 0.946777
5790 -0.058350 0.002197 0.954590
5802 -0.059082 0.003418 0.956543
5814 -0.062012 0.001465 0.942383
5826 -0.057373 -0.000732 0.960938
5838 -0.060791 -0.001465 0.954346
5850 -0.060791 0.005371 0.950928
5862 -0.056152 0.004150 0.957031
5874 -0.063721 0.001709 0.949951
5885 -0.056396 0.000732 0.952637
5897 -0.052002 0.006104 0.956055
5909 -0.058838 0.002686 0.952637
5921 -0.059814 0.005615 0.952637
5933 -0.061279 0.010254 0.948242
5945 -0.049805 0.004639 0.953369
5957 -0.061279 0.004639 0.955811
5969 -0.059570 0.005371 0.959473
5981 -0.056885 0.004395 0.957520
5992 -0.063477 0.000488 0.953613
6004 -0.055176 0.001221 0.957764
6016 -0.060791 0.009521 0.951416
6028 -0.054199 0.007568 0.947754
6040 -0.058838 0.002197 0.956543
6052 -0.057373 0.003418 0.959229
6064 -0.060791 -0.002197 0.954102
6076 -0.058350 0.000732 0.947510
6088 -0.057373 0.003418 0.954590
6099 -0.054199 0.000244 0.940918
6111 -0.054443 0.002441 0.945068
6123 -0.065674 0.004150 0.948486
6135 -0.062256 0.008301 0.948730
6147 -0.052246 0.005859 0.957031
6159 -0.056396 -0.001221 0.957764
6171 -0.059326 0.002197 0.956543
6183 -0.054932 -0.000977 0.942871
6195 -0.062500 0.004883 0.946777
6206 -0.053223 -0.000732 0.951904
6218 -0.055908 0.006348 0.956787
6230 -0.063721 0.001953 0.957520
6242 -0.060303 0.001465 0.954590
6254 -0.063232 -0.002686 0.942627
6266 -0.050537 0.002441 0.955322
6278 -0.061523 0.001465 0.948975
6290 -0.053223 0.006836 0.953857
6301 -0.058594 0.007324 0.949951
6313 -0.050293 0.000244 0.948486
6325 -0.057373 -0.000977 0.950439
6337 -0.058838 0.001465 0.949707
6349 -0.055176 0.003906 0.958008
6361 -0.049805 0.002197 0.950195
6373 -0.056396 0.008789 0.952637
6385 -0.061768 0.003418 0.950684
6397 -0.056396 -0.000244 0.953613
6408 -0.056152 0.003418 0.944092
6420 -0.058594 0.002441 0.946045
6432 -0.060303 0.002930 0.949219
6444 -0.062012 -0.000977 0.947998
6456 -0.056885 0.004150 0.956299
6468 -0.055420 0.003906 0.949219
6480 -0.059814 0.003906 0.951904
6492 -0.064941 0.003174 0.946777
6503 -0.055664 0.006836 0.941162
6515 -0.055664 0.004150 0.957031
6527 -0.058838 0.006348 0.950684
6539 -0.057617 0.000244 0.958984
6551 -0.057129 0.008057 0.950439
6563 -0.057129 0.006348 0.947754
6575 -0.056396 0.002197 0.943848
6587 -0.056396 -0.001709 0.958496
6599 -0.053955 0.001465 0.951416
6610 -0.063965 0.000488 0.940918
6622 -0.060791 0.003418 0.957764
6634 -0.060547 0.003174 0.951904
6646 -0.059814 0.004395 0.950928
6658 -0.052490 0.006836 0.946777
6670 -0.061279 0.001953 0.951416
6682 -0.061035 0.001465 0.957520
6694 -0.052979 0.001465 0.939453
6706 -0.061279 0.000488 0.958984
6717 -0.054932 0.005371 0.946533
6729 -0.058594 0.003906 0.952148
6741 -0.058350 0.001221 0.955078
6753 -0.062744 0.002686 0.946777
6765 -0.056152 0.005127 0.951904
6777 -0.065674 0.000732 0.948730
6789 -0.064209 0.000488 0.949707
6801 -0.057861 0.002930 0.954834
6812 -0.062012 0.000244 0.950195
6824 -0.058838 0.005127 0.951416
6836 -0.062256 0.002686 0.951904
6848 -0.051758 0.006348 0.942383
6860 -0.057129 0.005371 0.950928
6872 -0.060791 0.006348 0.953125
6884 -0.055176 0.003174 0.948975
6896 -0.051514 0.003174 0.954590
6908 -0.065918 -0.003418 0.963379
6919 -0.062500 0.005859 0.956055
6931 -0.060059 0.005371 0.957275
6943 -0.061768 0.005371 0.961426
6955 -0.057373 -0.001221 0.951172
6967 -0.060303 0.006836 0.956055
6979 -0.058350 0.009521 0.948242
6991 -0.057617 0.002441 0.960938
7003 -0.062500 0.003418 0.948486
7014 -0.061523 0.006348 0.958252
7026 -0.055908 0.005371 0.947754
7038 -0.053467 -0.002197 0.943604
7050 -0.059814 0.000000 0.962646
7062 -0.061768 0.000732 0.954102
7074 -0.061523 0.006836 0.957520
7086 -0.063232 0.003174 0.949463
7098 -0.055176 -0.000977 0.950928
7110 -0.063721 0.004150 0.954346
7122 -0.051270 0.003418 0.955078
7133 -0.052002 0.000488 0.955566
7145 -0.058838 0.008057 0.957031
7157 -0.060791 0.001953 0.942139
7169 -0.054688 0.006836 0.944336
7181 -0.062256 0.002930 0.958496
7193 -0.058594 0.002197 0.953613
7205 -0.058105 0.000977 0.949951
7217 -0.065430 0.002930 0.950439
7228 -0.057861 0.007812 0.951416
7240 -0.061523 0.005127 0.954834
7252 -0.065430 0.008301 0.961426
7264 -0.062256 0.002197 0.958740
7276 -0.057129 0.000488 0.956787
7288 -0.054199 0.005615 0.953125
7300 -0.055908 0.004395 0.950439
7312 -0.052734 0.000732 0.958984
7323 -0.056885 0.002930 0.951416
7335 -0.065674 -0.003418 0.949951
7347 -0.064209 -0.000977 0.943848
7359 -0.055420 -0.000977 0.952881
7371 -0.058350 0.002930 0.947754
7383 -0.059326 0.003174 0.949951
7395 -0.061035 0.003174 0.947266
7407 -0.056885 0.004150 0.958496
7419 -0.057617 0.006348 0.960693
7430 -0.060547 -0.000977 0.953857
7442 -0.050049 0.003662 0.952148
7454 -0.060791 0.002197 0.958252
7466 -0.060303 0.003418 0.955811
7478 -0.057617 0.003174 0.945557
7490 -0.057617 0.003906 0.960449
7502 -0.065918 0.001953 0.963379
7514 -0.059570 0.003418 0.960449
7526 -0.057129 0.005371 0.949219
7537 -0.058594 0.003174 0.947021
7549 -0.061523 0.000977 0.949951
7561 -0.059814 0.005127 0.951660
7573 -0.059814 0.001709 0.952881
7585 -0.059814 -0.000488 0.953369
7597 -0.056885 0.000977 0.952148
7609 -0.065430 0.002197 0.947754
7621 -0.064453 0.010254 0.964111
7632 -0.060303 0.006836 0.955811
7644 -0.060547 0.001953 0.952393
7656 -0.059814 0.000244 0.945557
7668 -0.046875 0.004150 0.953125
7680 -0.053223 -0.005615 0.958740
7692 -0.060791 0.002197 0.941406
7704 -0.064941 -0.003906 0.954834
7716 -0.060059 0.004639 0.948486
7728 -0.055664 0.002441 0.960693
7739 -0.053711 0.006836 0.949463
7751 -0.051514 0.004883 0.955811
7763 -0.056396 0.002441 0.944336
7775 -0.057129 -0.002441 0.959473
7787 -0.058350 -0.003662 0.943115
7799 -0.054199 0.008545 0.947754
7811 -0.061035 0.006348 0.952637
7823 -0.056641 -0.004150 0.957520
7835 -0.052979 -0.000488 0.955566
7846 -0.051758 0.003662 0.950928
7858 -0.064209 -0.000488 0.949951
7870 -0.060303 0.000000 0.944824
7882 -0.059814 0.002930 0.945557
7894 -0.060303 0.007568 0.949219
7906 -0.055420 0.003906 0.947266
7918 -0.062256 0.005859 0.959717
7930 -0.058594 -0.002686 0.951416
7942 -0.062012 0.000732 0.951660
7953 -0.054688 0.002197 0.942383
7965 -0.060303 -0.000244 0.946045
7977 -0.068848 0.003174 0.960205
7989 -0.056641 0.001953 0.948730
8001 -0.055420 0.003662 0.941895
8013 -0.056396 0.003418 0.953613
8025 -0.058350 0.002441 0.949463
8037 -0.059570 0.006348 0.946777
8048 -0.055420 0.000244 0.945068
8060 -0.059326 0.004639 0.950439
8072 -0.050293 0.007080 0.947266
8084 -0.061768 0.006348 0.964600
8096 -0.054688 0.007568 0.939697
8108 -0.058838 0.003906 0.955078
8120 -0.059082 -0.002930 0.951904
8132 -0.061523 0.002930 0.945557
8144 -0.057373 0.001465 0.946045
8155 -0.061768 -0.003906 0.950195
8167 -0.057373 -0.003418 0.948730
8179 -0.057861 -0.000977 0.958740
8191 -0.053711 0.003662 0.955322
8203 -0.059814 0.004150 0.943115
8215 -0.063965 0.004639 0.957031
8227 -0.064209 0.003174 0.945312
8239 -0.061768 0.000488 0.949951
8250 -0.059570 0.003174 0.947266
8262 -0.053711 0.007568 0.950928
8274 -0.062256 -0.002197 0.950439
8286 -0.060547 0.001953 0.952881
8298 -0.056396 0.002197 0.950928
8310 -0.052734 0.003662 0.947266
8322 -0.061279 0.002930 0.950195
8334 -0.057373 0.001465 0.963135
8346 -0.059082 0.003174 0.951172
8357 -0.053223 0.005127 0.960938
8369 -0.055176 -0.000732 0.952881
8381 -0.060303 -0.006104 0.957520
8393 -0.057373 -0.003418 0.964111
8405 -0.055420 0.005127 0.954590
8417 -0.057861 0.000244 0.957275
8429 -0.058105 -0.000244 0.957031
8441 -0.062744 0.004395 0.953857
8452 -0.051758 0.001709 0.953125
8464 -0.058105 0.004639 0.948975
8476 -0.059326 0.002441 0.950439
8488 -0.060791 0.004639 0.946045
8500 -0.065918 0.003418 0.958496
8512 -0.060303 0.000244 0.954102
8524 -0.064697 0.007324 0.944092
8536 -0.055420 0.007080 0.953125
8548 -0.055176 0.003906 0.945557
8559 -0.058594 0.005859 0.962646
8571 -0.056885 0.006104 0.947754
8583 -0.056885 0.002930 0.949707
8595 -0.061035 0.000244 0.947510
8607 -0.063232 0.003662 0.947754
8619 -0.056396 0.004883 0.952637
8631 -0.051025 0.002197 0.946045
8643 -0.059326 -0.002441 0.943848
8655 -0.064453 0.004150 0.960449
8666 -0.060059 0.001953 0.953857
8678 -0.061035 0.001953 0.941406
8690 -0.065186 0.000732 0.953369
8702 -0.059570 -0.002197 0.955811
8714 -0.056396 0.001953 0.948242
8726 -0.055420 0.005127 0.944824
8738 -0.057129 0.002686 0.944092
8750 -0.064941 0.000244 0.952881
8761 -0.056152 0.000732 0.949463
8773 -0.055664 0.000977 0.956055
8785 -0.058350 0.006104 0.946045
8797 -0.062012 0.003418 0.947021
8809 -0.052246 0.008545 0.951416
8821 -0.052734 0.005615 0.946777
8833 -0.053223 0.005127 0.949219
8845 -0.053467 0.000000 0.950195
8857 -0.058838 0.005371 0.958008
8868 -0.058105 0.001465 0.950439
8880 -0.060547 0.006836 0.947754
8892 -0.060791 -0.001221 0.952637
8904 -0.061523 -0.000732 0.949951
8916 -0.060547 0.001221 0.951416
8928 -0.059326 0.000732 0.953369
8940 -0.054688 -0.000977 0.962158
8952 -0.062256 0.002441 0.949463
8963 -0.060059 0.002197 0.956055
8975 -0.057373 0.005859 0.949463
8987 -0.058838 0.002686 0.943359
8999 -0.051758 0.001221 0.957275
9011 -0.056152 0.003906 0.940674
9023 -0.059326 0.006104 0.946045
9035 -0.054932 0.000244 0.952393
9047 -0.059082 0.000977 0.947266
9059 -0.052734 0.004639 0.961426
9070 -0.055176 0.002197 0.952148
9082 -0.056152 0.008789 0.961182
9094 -0.060303 -0.001953 0.946045
9106 -0.053711 -0.004883 0.949219
9118 -0.055908 0.005371 0.943848
9130 -0.059326 -0.000977 0.955566
9142 -0.057373 0.003174 0.949707
9154 -0.052002 0.005371 0.953857
9165 -0.059326 0.005615 0.948242
9177 -0.058105 0.005127 0.945801
9189 -0.055420 0.003906 0.948975
9201 -0.061768 0.006592 0.946289
9213 -0.059814 0.000977 0.947266
9225 -0.058105 0.002441 0.950195
9237 -0.055664 -0.002197 0.946533
9249 -0.058594 0.000244 0.960205
9260 -0.059326 0.001221 0.952393
9272 -0.050537 0.000977 0.956299
9284 -0.059082 0.000732 0.952881
9296 -0.062012 0.000732 0.956299
9308 -0.060791 0.000732 0.952148
9320 -0.056641 -0.000732 0.950195
9332 -0.059814 0.004883 0.947754
9344 -0.055908 0.004639 0.948730
9356 -0.060059 0.005615 0.945801
9367 -0.052979 0.004150 0.950928
9379 -0.056641 -0.000732 0.950684
9391 -0.058105 0.002197 0.951904
9403 -0.058350 -0.003418 0.961914
9415 -0.063232 0.005615 0.944336
9427 -0.059814 0.006592 0.949951
9439 -0.057617 0.003662 0.945312
9451 -0.058838 0.002441 0.946533
9462 -0.057373 0.005615 0.949707
9474 -0.058594 -0.001221 0.956055
9486 -0.059570 0.007324 0.950195
9498 -0.056396 0.000732 0.954346
9510 -0.058350 0.004883 0.951660
9522 -0.056152 0.006104 0.950439
9534 -0.054688 0.006348 0.951660
9546 -0.055420 0.004395 0.952881
9557 -0.056641 0.002441 0.957031
9569 -0.060547 0.004883 0.961426
9581 -0.057373 0.000000 0.952881
9593 -0.060547 0.000000 0.952148
9605 -0.062744 -0.003906 0.953125
9617 -0.058838 0.003418 0.962158
9629 -0.056641 0.001465 0.952881
9641 -0.060059 0.000244 0.948730
9653 -0.060547 0.006348 0.952148
9665 -0.060303 -0.000977 0.955811
9676 -0.055176 0.003418 0.943359
9688 -0.059814 0.000732 0.949707
9700 -0.061035 -0.001221 0.954346
9712 -0.061035 0.006348 0.942383
9724 -0.059814 0.006836 0.954102
9736 -0.061523 0.005859 0.942627
9748 -0.061279 0.005615 0.950684
9760 -0.060059 0.008545 0.949219
9771 -0.059082 -0.000732 0.947266
9783 -0.059082 0.001465 0.951416
9795 -0.059082 0.003174 0.956543
9807 -0.066406 0.007080 0.956543
9819 -0.048584 0.003662 0.953369
9831 -0.060059 0.005127 0.954834
9843 -0.062988 0.003906 0.953613
9855 -0.060059 0.006104 0.955322
9867 -0.061035 0.002441 0.942871
9878 -0.060547 0.008301 0.953125
9890 -0.056152 0.000732 0.956299
9902 -0.060059 0.004639 0.948486
9914 -0.055664 0.004639 0.954346
9926 -0.060547 0.005371 0.951416
9938 -0.057129 0.001709 0.951172
9950 -0.053711 0.003662 0.959473
9962 -0.056396 0.001953 0.949707
9974 -0.059082 0.005859 0.953613
9985 -0.059082 0.002930 0.956055
9997 -0.062744 0.005615 0.953857
10009 -0.058105 0.002686 0.950439
10021 -0.060059 0.000000 0.946289
10033 -0.062012 0.000977 0.950439
10045 -0.057373 -0.001465 0.950195
10057 -0.060547 0.001953 0.946045
10069 -0.069336 0.007080 0.945557
10081 -0.055176 -0.001465 0.946045
10092 -0.058350 0.005127 0.950439
10104 -0.056885 0.001465 0.957275
10116 -0.050537 0.000244 0.947998
10128 -0.061035 -0.002930 0.947754
10140 -0.061279 0.004639 0.943359
10152 -0.053223 0.001465 0.946777
10164 -0.057861 0.004639 0.960449
10176 -0.058350 0.000977 0.943848
10188 -0.062012 0.003418 0.952393
10199 -0.056396 0.003174 0.946777
10211 -0.061523 0.003906 0.946777
10223 -0.051758 0.003906 0.950439
10235 -0.052979 0.001221 0.951416
10247 -0.063232 -0.003418 0.962158
10259 -0.062256 0.009766 0.951660
10271 -0.055176 0.001221 0.956543
10283 -0.056152 0.001953 0.944580
10294 -0.059570 0.002686 0.954834
10306 -0.051758 0.004150 0.953369
10318 -0.054688 0.003174 0.949219
10330 -0.057129 0.003906 0.951660
10342 -0.059570 0.001221 0.955078
10354 -0.057373 0.000244 0.953125
10366 -0.057373 0.000977 0.952881
10378 -0.056885 -0.000488 0.955566
10390 -0.061279 0.003906 0.960938
10401 -0.059814 0.004150 0.946777
10413 -0.062988 0.004150 0.956299
10425 -0.056885 0.002197 0.950928
10437 -0.055176 0.003906 0.952637
10449 -0.055176 0.000000 0.951660
10461 -0.061035 0.001953 0.949707
10473 -0.066650 -0.000488 0.949463
10485 -0.054932 0.002686 0.944580
10497 -0.062988 0.000732 0.950684
10508 -0.058350 -0.000732 0.958740
10520 -0.056885 0.005127 0.951660
10532 -0.056396 0.003418 0.946777
10544 -0.059570 0.001465 0.944092
10556 -0.064697 0.001953 0.950439
10568 -0.053955 0.007080 0.949951
10580 -0.053467 0.005371 0.958252
10592 -0.057373 0.004639 0.952881
10603 -0.059570 -0.004883 0.962891
10615 -0.062500 -0.001953 0.965576
10627 -0.056641 0.004395 0.947754
10639 -0.058838 0.000977 0.953369
10651 -0.060059 -0.004150 0.958740
10663 -0.058838 0.002686 0.947998
10675 -0.054199 0.002686 0.952881
10687 -0.054199 0.004150 0.961182
10699 -0.054932 0.007080 0.950684
10710 -0.057373 -0.004639 0.947021
10722 -0.054199 0.004883 0.959961
10734 -0.056396 0.001953 0.948975
10746 -0.055420 -0.001709 0.954834
10758 -0.057617 0.002686 0.955811
10770 -0.053223 0.006836 0.957031
10782 -0.053467 0.007080 0.940674
10794 -0.059814 -0.000244 0.939697
10805 -0.058350 0.002441 0.946289
10817 -0.058838 0.005371 0.954834
10829 -0.055908 0.002197 0.951904
10841 -0.058838 0.005859 0.948486
10853 -0.065186 0.003906 0.948975
10865 -0.054443 0.000732 0.955566
10877 -0.058105 0.001465 0.946777
10889 -0.059082 0.002441 0.949707
10901 -0.059814 0.003906 0.963623
10912 -0.057373 0.003418 0.948242
10924 -0.058838 -0.000488 0.950684
10936 -0.059814 -0.000244 0.959473
10948 -0.058105 0.001221 0.949219
10960 -0.056641 0.004883 0.939209
10972 -0.054932 0.004150 0.941162
10984 -0.059570 0.005127 0.952881
10996 -0.062744 0.003174 0.946289
11008 -0.060547 0.001221 0.953613
11019 -0.063721 -0.002197 0.954346
11031 -0.059326 0.002930 0.953613
11043 -0.063232 0.008789 0.957520
11055 -0.055908 0.004639 0.948242
11067 -0.061035 0.007812 0.960693
11079 -0.062012 0.000732 0.951660
11091 -0.059814 0.004150 0.942871
11103 -0.055420 -0.001221 0.944336
11114 -0.056885 0.000000 0.952881
11126 -0.061768 0.000977 0.957275
11138 -0.068359 0.006592 0.959473
11150 -0.059814 0.001221 0.945557
11162 -0.057617 0.008301 0.955566
11174 -0.058594 0.002930 0.954102
11186 -0.058838 0.003906 0.958008
11198 -0.058838 0.003174 0.946533
11210 -0.055420 0.005127 0.952393
11221 -0.063232 0.005859 0.954346
11233 -0.060547 0.005615 0.950439
11245 -0.059082 0.001221 0.953369
11257 -0.055664 0.010742 0.956543
11269 -0.060303 0.000244 0.955566
11281 -0.055664 0.008057 0.950195
11293 -0.061035 0.005859 0.939453
11305 -0.059082 0.006348 0.960449
11316 -0.058105 0.007568 0.955811
11328 -0.059570 -0.001221 0.955322
11340 -0.053223 -0.002441 0.958008
11352 -0.060303 0.003174 0.948486
11364 -0.055664 -0.000244 0.950928
11376 -0.056396 0.007324 0.946045
11388 -0.059326 0.003662 0.956055
11400 -0.063232 0.004150 0.956543
11412 -0.060303 0.003906 0.942383
11423 -0.060547 0.002441 0.944824
11435 -0.056885 0.003662 0.954590
11447 -0.058350 0.004639 0.946777
11459 -0.061035 -0.003418 0.950684
11471 -0.063721 0.004395 0.946777
11483 -0.065918 0.002686 0.943359
11495 -0.054932 0.005615 0.950439
11507 -0.057617 0.004639 0.954346
11518 -0.056396 0.005859 0.952637
11530 -0.051025 0.005371 0.957520
11542 -0.052002 0.009521 0.955322
11554 -0.061523 0.007080 0.950439
11566 -0.061279 0.000732 0.942871
11578 -0.056885 0.000488 0.957031
11590 -0.058350 -0.000488 0.942139
11602 -0.048340 0.002930 0.956055
11614 -0.062500 0.001953 0.952393
11625 -0.049805 0.001709 0.946777
11637 -0.063965 0.002441 0.956299
11649 -0.056152 0.005615 0.945801
11661 -0.060791 0.005615 0.952881
11673 -0.055176 0.000244 0.948730
11685 -0.062988 0.002686 0.949463
11697 -0.056152 0.006836 0.947510
11709 -0.060303 0.001709 0.947754
11720 -0.058350 0.007080 0.941650
11732 -0.061279 0.005371 0.958984
11744 -0.053467 0.002930 0.949463
11756 -0.061035 0.005371 0.944824
11768 -0.057617 0.002686 0.958740
11780 -0.062500 0.005615 0.960205
11792 -0.058105 0.001465 0.953125
11804 -0.057373 0.003662 0.962158
11816 -0.052979 -0.006592 0.948975
11828 -0.055420 0.001953 0.942139
11839 -0.053467 0.002197 0.953857
11851 -0.058838 0.002197 0.955811
11863 -0.064209 -0.002441 0.959473
11875 -0.060303 0.007080 0.957031
11887 -0.053955 0.003174 0.944824
11899 -0.065430 0.003906 0.944824
11911 -0.066162 0.006348 0.954590
11923 -0.060791 -0.003906 0.948242
11934 -0.058838 -0.001465 0.949463
11946 -0.054443 0.002930 0.956787
11958 -0.055908 0.000732 0.962158
11970 -0.058105 -0.003174 0.949463
11982 -0.058105 0.002686 0.949463
11994 -0.059326 0.005859 0.951904
12006 -0.059570 0.001221 0.955078
12018 -0.055420 0.003174 0.951660
12030 -0.059326 -0.005615 0.953857
12041 -0.058838 0.003174 0.949463
12053 -0.055176 0.002930 0.951660
12065 -0.057861 0.007324 0.946777
12077 -0.053955 0.004639 0.951416
12089 -0.063965 0.003418 0.952148
12101 -0.059326 -0.000732 0.950439
12113 -0.057373 -0.002930 0.949463
12125 -0.059570 0.005615 0.957275
12136 -0.062500 0.007812 0.947021
12148 -0.060059 0.003418 0.956787
12160 -0.054199 0.004639 0.952148
12172 -0.061768 0.007080 0.948975
12184 -0.059570 -0.002441 0.950684
12196 -0.059814 0.004639 0.950684
12208 -0.060547 0.003906 0.955322
12220 -0.058838 0.004883 0.948242
12232 -0.061768 -0.003662 0.957275
12243 -0.051758 0.001953 0.950195
12255 -0.058594 0.005371 0.954346
12267 -0.052490 0.003174 0.949219
12279 -0.056885 0.006836 0.963867
12291 -0.061523 0.001465 0.951172
12303 -0.057129 0.000244 0.957764
12315 -0.053467 0.007324 0.949219
12327 -0.058105 0.003906 0.956543
12338 -0.053467 0.009521 0.951416
12350 -0.057617 0.003662 0.956543
12362 -0.064453 0.005371 0.952148
12374 -0.055908 -0.000244 0.960693
12386 -0.053467 0.000977 0.946045
12398 -0.054443 0.003418 0.952148
12410 -0.052979 0.002930 0.960938
12422 -0.062744 0.000732 0.956299
12434 -0.062744 0.001953 0.960205
12445 -0.057617 0.004639 0.947266
12457 -0.060547 -0.002441 0.958252
12469 -0.058594 0.008301 0.956299
12481 -0.064209 -0.000977 0.948486
12493 -0.056396 0.003418 0.955078
12505 -0.059570 0.003174 0.953125
12517 -0.055664 0.008301 0.945068
12529 -0.062744 0.002197 0.951416
12540 -0.054688 0.005127 0.956055
12552 -0.049316 -0.001221 0.956299
12564 -0.055908 0.010498 0.955078
12576 -0.058594 0.007080 0.949463
12588 -0.057129 0.003174 0.950439
12600 -0.063232 0.005371 0.954346
12612 -0.064209 0.005859 0.943848
12624 -0.062500 -0.001709 0.953125
12635 -0.056152 0.002197 0.960693
12647 -0.052246 0.000000 0.955078
12659 -0.055908 0.009033 0.947754
12671 -0.055908 0.006104 0.947266
12683 -0.056152 0.011475 0.939941
12695 -0.055908 -0.000244 0.950928
12707 -0.058594 0.005127 0.948975
12719 -0.059326 -0.003662 0.947021
12731 -0.061768 0.000000 0.954102
12743 -0.053467 0.006592 0.964111
12754 -0.057617 0.000488 0.955811
12766 -0.062500 0.000000 0.957764
12778 -0.056885 0.001465 0.958008
12790 -0.056152 0.004150 0.955811
12802 -0.058350 -0.002930 0.956055
12814 -0.062500 0.004639 0.955322
12826 -0.058594 0.005859 0.957764
12838 -0.056152 0.004639 0.956299
12849 -0.060547 -0.001953 0.944092
12861 -0.056152 0.002686 0.941895
12873 -0.055420 0.002441 0.955811
12885 -0.052246 0.002686 0.952881
12897 -0.058105 0.000977 0.948486
12909 -0.055176 0.004883 0.953369
12921 -0.065430 -0.001465 0.960205
12933 -0.058350 0.006348 0.952881
12945 -0.056152 0.000488 0.956299